%Time [ms]	Commanded Torque [mNm]	Angular Velocity [RPM]	Actual Current [Amp]	%2/24/202610:20 AM
0.000	0.000	0.000	0.000
20.000	7.000	85.937	0.027
30.000	7.000	85.937	0.027
40.000	7.000	85.937	0.021
50.000	7.000	85.937	0.021
60.000	7.000	85.937	0.021
70.000	7.000	83.984	0.018
80.000	7.000	83.984	0.018
90.000	7.000	83.984	0.018
100.000	7.000	66.406	0.020
110.000	7.000	66.406	0.020
120.000	7.000	66.406	0.020
130.000	7.000	54.687	0.023
140.000	7.000	54.687	0.023
150.000	7.000	54.687	0.023
160.000	7.000	62.500	0.023
170.000	7.000	62.500	0.023
180.000	7.000	62.500	0.023
190.000	7.000	85.937	0.033
200.000	7.000	85.937	0.033
210.000	7.000	85.937	0.033
220.000	7.000	83.984	0.026
230.000	7.000	83.984	0.026
240.000	7.000	83.984	0.026
250.000	7.000	72.266	0.024
260.000	7.000	72.266	0.024
270.000	7.000	72.266	0.024
280.000	7.000	80.078	0.024
290.000	7.000	80.078	0.024
300.000	7.000	80.078	0.024
310.000	7.000	39.062	0.021
320.000	7.000	39.062	0.021
330.000	7.000	39.062	0.021
340.000	7.000	93.750	0.031
350.000	7.000	93.750	0.031
360.000	7.000	93.750	0.031
370.000	7.000	52.734	0.042
380.000	7.000	52.734	0.042
390.000	7.000	52.734	0.042
400.000	7.000	60.547	0.040
410.000	7.000	60.547	0.040
420.000	7.000	60.547	0.040
430.000	7.000	52.734	0.030
440.000	7.000	52.734	0.030
450.000	7.000	52.734	0.030
460.000	7.000	46.875	0.011
470.000	7.000	46.875	0.011
480.000	7.000	46.875	0.011
490.000	7.000	87.891	0.025
500.000	7.000	87.891	0.025
510.000	7.000	87.891	0.025
520.000	7.000	64.453	0.024
530.000	7.000	64.453	0.024
540.000	7.000	64.453	0.024
550.000	7.000	39.062	0.006
560.000	7.000	39.062	0.006
570.000	7.000	39.062	0.006
580.000	7.000	87.891	0.028
590.000	7.000	87.891	0.028
600.000	7.000	87.891	0.028
610.000	7.000	80.078	0.036
620.000	7.000	80.078	0.036
630.000	7.000	80.078	0.036
640.000	7.000	93.750	0.012
650.000	7.000	93.750	0.012
660.000	7.000	93.750	0.012
670.000	7.000	74.219	0.011
680.000	7.000	74.219	0.011
690.000	7.000	74.219	0.011
700.000	7.000	78.125	0.021
710.000	7.000	78.125	0.021
720.000	7.000	78.125	0.021
730.000	7.000	62.500	0.045
740.000	7.000	62.500	0.045
750.000	7.000	62.500	0.045
760.000	7.000	68.359	0.019
770.000	7.000	68.359	0.019
780.000	7.000	68.359	0.019
790.000	7.000	97.656	0.029
800.000	7.000	97.656	0.029
810.000	7.000	97.656	0.029
820.000	7.000	56.641	0.026
830.000	7.000	56.641	0.026
840.000	7.000	56.641	0.026
850.000	7.000	76.172	0.011
860.000	7.000	76.172	0.011
870.000	7.000	76.172	0.011
880.000	7.000	82.031	0.027
890.000	7.000	82.031	0.027
900.000	7.000	82.031	0.027
910.000	7.000	68.359	0.022
920.000	7.000	68.359	0.022
930.000	7.000	68.359	0.022
940.000	7.000	72.266	0.018
950.000	7.000	72.266	0.018
960.000	7.000	72.266	0.018
970.000	7.000	78.125	0.045
980.000	7.000	78.125	0.045
990.000	7.000	78.125	0.045
1000.000	7.000	48.828	0.021
1010.000	7.000	48.828	0.021
1020.000	7.000	48.828	0.021
1030.000	7.000	70.312	0.010
1040.000	7.000	70.312	0.010
1050.000	7.000	70.312	0.010
1060.000	7.000	103.516	0.038
1070.000	7.000	103.516	0.038
1080.000	7.000	103.516	0.038
1090.000	7.000	93.750	0.129
1100.000	7.000	93.750	0.129
1110.000	7.000	93.750	0.129
1120.000	7.000	76.172	0.186
1130.000	7.000	76.172	0.186
1140.000	7.000	76.172	0.186
1150.000	7.000	62.500	0.231
1160.000	7.000	62.500	0.231
1170.000	7.000	62.500	0.231
1180.000	7.000	91.797	0.231
1190.000	7.000	91.797	0.231
1200.000	7.000	91.797	0.231
1210.000	7.000	136.719	0.256
1220.000	7.000	136.719	0.256
1230.000	7.000	136.719	0.256
1240.000	7.000	128.906	0.256
1250.000	7.000	128.906	0.256
1260.000	7.000	128.906	0.256
1270.000	7.000	148.437	0.234
1280.000	7.000	148.437	0.234
1290.000	7.000	148.437	0.234
1300.000	7.000	164.062	0.223
1310.000	7.000	164.062	0.223
1320.000	7.000	164.062	0.223
1330.000	7.000	167.969	0.262
1340.000	7.000	167.969	0.262
1350.000	7.000	167.969	0.262
1360.000	7.000	201.172	0.255
1370.000	7.000	201.172	0.255
1380.000	7.000	201.172	0.255
1390.000	7.000	185.547	0.250
1400.000	7.000	185.547	0.250
1410.000	7.000	185.547	0.250
1420.000	7.000	212.891	0.248
1430.000	7.000	212.891	0.248
1440.000	7.000	212.891	0.248
1450.000	7.000	216.797	0.244
1460.000	7.000	216.797	0.244
1470.000	7.000	216.797	0.244
1480.000	7.000	224.609	0.249
1490.000	7.000	224.609	0.249
1500.000	7.000	224.609	0.249
1510.000	7.000	248.047	0.227
1520.000	7.000	248.047	0.227
1530.000	7.000	248.047	0.227
1540.000	7.000	242.187	0.238
1550.000	7.000	242.187	0.238
1560.000	7.000	242.187	0.238
1570.000	7.000	271.484	0.256
1580.000	7.000	271.484	0.256
1590.000	7.000	271.484	0.256
1600.000	7.000	285.156	0.237
1610.000	7.000	285.156	0.237
1620.000	7.000	285.156	0.237
1630.000	7.000	292.969	0.245
1640.000	7.000	292.969	0.245
1650.000	7.000	292.969	0.245
1660.000	7.000	314.453	0.255
1670.000	7.000	314.453	0.255
1680.000	7.000	314.453	0.255
1690.000	7.000	296.875	0.252
1700.000	7.000	296.875	0.252
1710.000	7.000	296.875	0.252
1720.000	7.000	312.500	0.250
1730.000	7.000	312.500	0.250
1740.000	7.000	312.500	0.250
1750.000	7.000	343.750	0.240
1760.000	7.000	343.750	0.240
1770.000	7.000	343.750	0.240
1780.000	7.000	339.844	0.252
1790.000	7.000	339.844	0.252
1800.000	7.000	339.844	0.252
1810.000	7.000	357.422	0.237
1820.000	7.000	357.422	0.237
1830.000	7.000	357.422	0.237
1840.000	7.000	357.422	0.241
1850.000	7.000	357.422	0.241
1860.000	7.000	357.422	0.241
1870.000	7.000	396.484	0.243
1880.000	7.000	396.484	0.243
1890.000	7.000	396.484	0.243
1900.000	7.000	375.000	0.234
1910.000	7.000	375.000	0.234
1920.000	7.000	375.000	0.234
1930.000	7.000	414.062	0.226
1940.000	7.000	414.062	0.226
1950.000	7.000	414.062	0.226
1960.000	7.000	429.687	0.232
1970.000	7.000	429.687	0.232
1980.000	7.000	429.687	0.232
1990.000	7.000	453.125	0.250
2000.000	7.000	453.125	0.250
2010.000	7.000	453.125	0.250
2020.000	7.000	437.500	0.255
2030.000	7.000	437.500	0.255
2040.000	7.000	437.500	0.255
2050.000	7.000	431.641	0.258
2060.000	7.000	431.641	0.258
2070.000	7.000	431.641	0.258
2080.000	7.000	472.656	0.260
2090.000	7.000	472.656	0.260
2100.000	7.000	472.656	0.260
2110.000	7.000	486.328	0.256
2120.000	7.000	486.328	0.256
2130.000	7.000	486.328	0.256
2140.000	7.000	480.469	0.230
2150.000	7.000	480.469	0.230
2160.000	7.000	480.469	0.230
2170.000	7.000	501.953	0.242
2180.000	7.000	501.953	0.242
2190.000	7.000	501.953	0.242
2200.000	7.000	521.484	0.240
2210.000	7.000	521.484	0.240
2220.000	7.000	521.484	0.240
2230.000	7.000	490.234	0.236
2240.000	7.000	490.234	0.236
2250.000	7.000	490.234	0.236
2260.000	7.000	519.531	0.254
2270.000	7.000	519.531	0.254
2280.000	7.000	519.531	0.254
2290.000	7.000	554.687	0.258
2300.000	7.000	554.687	0.258
2310.000	7.000	554.687	0.258
2320.000	7.000	539.062	0.257
2330.000	7.000	539.062	0.257
2340.000	7.000	539.062	0.257
2350.000	7.000	583.984	0.250
2360.000	7.000	583.984	0.250
2370.000	7.000	583.984	0.250
2380.000	7.000	576.172	0.234
2390.000	7.000	576.172	0.234
2400.000	7.000	576.172	0.234
2410.000	7.000	570.312	0.253
2420.000	7.000	570.312	0.253
2430.000	7.000	570.312	0.253
2440.000	7.000	587.891	0.225
2450.000	7.000	587.891	0.225
2460.000	7.000	587.891	0.225
2470.000	7.000	599.609	0.270
2480.000	7.000	599.609	0.270
2490.000	7.000	599.609	0.270
2500.000	7.000	638.672	0.232
2510.000	7.000	638.672	0.232
2520.000	7.000	638.672	0.232
2530.000	7.000	638.672	0.257
2540.000	7.000	638.672	0.257
2550.000	7.000	638.672	0.257
2560.000	7.000	634.766	0.238
2570.000	7.000	634.766	0.238
2580.000	7.000	634.766	0.238
2590.000	7.000	671.875	0.216
2600.000	7.000	671.875	0.216
2610.000	7.000	671.875	0.216
2620.000	7.000	681.641	0.234
2630.000	7.000	681.641	0.234
2640.000	7.000	681.641	0.234
2650.000	7.000	675.781	0.245
2660.000	7.000	675.781	0.245
2670.000	7.000	675.781	0.245
2680.000	7.000	679.687	0.252
2690.000	7.000	679.687	0.252
2700.000	7.000	679.687	0.252
2710.000	7.000	681.641	0.250
2720.000	7.000	681.641	0.250
2730.000	7.000	681.641	0.250
2740.000	7.000	691.406	0.235
2750.000	7.000	691.406	0.235
2760.000	7.000	691.406	0.235
2770.000	7.000	738.281	0.243
2780.000	7.000	738.281	0.243
2790.000	7.000	738.281	0.243
2800.000	7.000	714.844	0.247
2810.000	7.000	714.844	0.247
2820.000	7.000	714.844	0.247
2830.000	7.000	763.672	0.259
2840.000	7.000	763.672	0.259
2850.000	7.000	763.672	0.259
2860.000	7.000	761.719	0.245
2870.000	7.000	761.719	0.245
2880.000	7.000	761.719	0.245
2890.000	7.000	775.391	0.237
2900.000	7.000	775.391	0.237
2910.000	7.000	775.391	0.237
2920.000	7.000	789.062	0.233
2930.000	7.000	789.062	0.233
2940.000	7.000	789.062	0.233
2950.000	7.000	775.391	0.240
2960.000	7.000	775.391	0.240
2970.000	7.000	775.391	0.240
2980.000	7.000	824.219	0.257
2990.000	7.000	824.219	0.257
3000.000	7.000	824.219	0.257
3010.000	7.000	798.828	0.248
3020.000	7.000	798.828	0.248
3030.000	7.000	798.828	0.248
3040.000	7.000	822.266	0.246
3050.000	7.000	822.266	0.246
3060.000	7.000	822.266	0.246
3070.000	7.000	841.797	0.230
3080.000	7.000	841.797	0.230
3090.000	7.000	841.797	0.230
3100.000	7.000	853.516	0.256
3110.000	7.000	853.516	0.256
3120.000	7.000	853.516	0.256
3130.000	7.000	863.281	0.237
3140.000	7.000	863.281	0.237
3150.000	7.000	863.281	0.237
3160.000	7.000	849.609	0.255
3170.000	7.000	849.609	0.255
3180.000	7.000	849.609	0.255
3190.000	7.000	861.328	0.245
3200.000	7.000	861.328	0.245
3210.000	7.000	861.328	0.245
3220.000	7.000	876.953	0.243
3230.000	7.000	876.953	0.243
3240.000	7.000	876.953	0.243
3250.000	7.000	873.047	0.249
3260.000	7.000	873.047	0.249
3270.000	7.000	873.047	0.249
3280.000	7.000	917.969	0.240
3290.000	7.000	917.969	0.240
3300.000	7.000	917.969	0.240
3310.000	7.000	953.125	0.232
3320.000	7.000	953.125	0.232
3330.000	7.000	953.125	0.232
3340.000	7.000	906.250	0.240
3350.000	7.000	906.250	0.240
3360.000	7.000	906.250	0.240
3370.000	7.000	919.922	0.238
3380.000	7.000	919.922	0.238
3390.000	7.000	919.922	0.238
3400.000	7.000	925.781	0.247
3410.000	7.000	925.781	0.247
3420.000	7.000	925.781	0.247
3430.000	7.000	955.078	0.232
3440.000	7.000	955.078	0.232
3450.000	7.000	955.078	0.232
3460.000	7.000	949.219	0.244
3470.000	7.000	949.219	0.244
3480.000	7.000	949.219	0.244
3490.000	7.000	958.984	0.236
3500.000	7.000	958.984	0.236
3510.000	7.000	958.984	0.236
3520.000	7.000	990.234	0.254
3530.000	7.000	990.234	0.254
3540.000	7.000	990.234	0.254
3550.000	7.000	988.281	0.234
3560.000	7.000	988.281	0.234
3570.000	7.000	988.281	0.234
3580.000	7.000	982.422	0.259
3590.000	7.000	982.422	0.259
3600.000	7.000	982.422	0.259
3610.000	7.000	996.094	0.256
3620.000	7.000	996.094	0.256
3630.000	7.000	996.094	0.256
3640.000	7.000	996.094	0.254
3650.000	7.000	996.094	0.254
3660.000	7.000	996.094	0.254
3670.000	7.000	1031.250	0.241
3680.000	7.000	1031.250	0.241
3690.000	7.000	1031.250	0.241
3700.000	7.000	1048.828	0.250
3710.000	7.000	1048.828	0.250
3720.000	7.000	1048.828	0.250
3730.000	7.000	1048.828	0.243
3740.000	7.000	1048.828	0.243
3750.000	7.000	1048.828	0.243
3760.000	7.000	1052.734	0.241
3770.000	7.000	1052.734	0.241
3780.000	7.000	1052.734	0.241
3790.000	7.000	1052.734	0.247
3800.000	7.000	1052.734	0.247
3810.000	7.000	1052.734	0.247
3820.000	7.000	1078.125	0.257
3830.000	7.000	1078.125	0.257
3840.000	7.000	1078.125	0.257
3850.000	7.000	1093.750	0.237
3860.000	7.000	1093.750	0.237
3870.000	7.000	1093.750	0.237
3880.000	7.000	1093.750	0.243
3890.000	7.000	1093.750	0.243
3900.000	7.000	1093.750	0.243
3910.000	7.000	1105.469	0.250
3920.000	7.000	1105.469	0.250
3930.000	7.000	1105.469	0.250
3940.000	7.000	1111.328	0.255
3950.000	7.000	1111.328	0.255
3960.000	7.000	1111.328	0.255
3970.000	7.000	1115.234	0.247
3980.000	7.000	1115.234	0.247
3990.000	7.000	1115.234	0.247
4000.000	7.000	1144.531	0.246
4010.000	7.000	1144.531	0.246
4020.000	7.000	1144.531	0.246
4030.000	7.000	1128.906	0.254
4040.000	7.000	1128.906	0.254
4050.000	7.000	1128.906	0.254
4060.000	7.000	1146.484	0.254
4070.000	7.000	1146.484	0.254
4080.000	7.000	1146.484	0.254
4090.000	7.000	1171.875	0.259
4100.000	7.000	1171.875	0.259
4110.000	7.000	1171.875	0.259
4120.000	7.000	1175.781	0.242
4130.000	7.000	1175.781	0.242
4140.000	7.000	1175.781	0.242
4150.000	7.000	1173.828	0.246
4160.000	7.000	1173.828	0.246
4170.000	7.000	1173.828	0.246
4180.000	7.000	1167.969	0.252
4190.000	7.000	1167.969	0.252
4200.000	7.000	1167.969	0.252
4210.000	7.000	1191.406	0.254
4220.000	7.000	1191.406	0.254
4230.000	7.000	1191.406	0.254
4240.000	7.000	1205.078	0.253
4250.000	7.000	1205.078	0.253
4260.000	7.000	1205.078	0.253
4270.000	7.000	1222.656	0.250
4280.000	7.000	1222.656	0.250
4290.000	7.000	1222.656	0.250
4300.000	7.000	1218.750	0.243
4310.000	7.000	1218.750	0.243
4320.000	7.000	1218.750	0.243
4330.000	7.000	1199.219	0.236
4340.000	7.000	1199.219	0.236
4350.000	7.000	1199.219	0.236
4360.000	7.000	1226.562	0.252
4370.000	7.000	1226.562	0.252
4380.000	7.000	1226.562	0.252
4390.000	7.000	1244.141	0.223
4400.000	7.000	1244.141	0.223
4410.000	7.000	1244.141	0.223
4420.000	7.000	1265.625	0.232
4430.000	7.000	1265.625	0.232
4440.000	7.000	1265.625	0.232
4450.000	7.000	1250.000	0.240
4460.000	7.000	1250.000	0.240
4470.000	7.000	1250.000	0.240
4480.000	7.000	1255.859	0.248
4490.000	7.000	1255.859	0.248
4500.000	7.000	1255.859	0.248
4510.000	7.000	1253.906	0.257
4520.000	7.000	1253.906	0.257
4530.000	7.000	1253.906	0.257
4540.000	7.000	1298.828	0.237
4550.000	7.000	1298.828	0.237
4560.000	7.000	1298.828	0.237
4570.000	7.000	1289.062	0.243
4580.000	7.000	1289.062	0.243
4590.000	7.000	1289.062	0.243
4600.000	7.000	1306.641	0.233
4610.000	7.000	1306.641	0.233
4620.000	7.000	1306.641	0.233
4630.000	7.000	1312.500	0.240
4640.000	7.000	1312.500	0.240
4650.000	7.000	1312.500	0.240
4660.000	7.000	1326.172	0.257
4670.000	7.000	1326.172	0.257
4680.000	7.000	1326.172	0.257
4690.000	7.000	1339.844	0.251
4700.000	7.000	1339.844	0.251
4710.000	7.000	1339.844	0.251
4720.000	7.000	1332.031	0.242
4730.000	7.000	1332.031	0.242
4740.000	7.000	1332.031	0.242
4750.000	7.000	1314.453	0.267
4760.000	7.000	1314.453	0.267
4770.000	7.000	1314.453	0.267
4780.000	7.000	1363.281	0.237
4790.000	7.000	1363.281	0.237
4800.000	7.000	1363.281	0.237
4810.000	7.000	1382.812	0.254
4820.000	7.000	1382.812	0.254
4830.000	7.000	1382.812	0.254
4840.000	7.000	1394.531	0.232
4850.000	7.000	1394.531	0.232
4860.000	7.000	1394.531	0.232
4870.000	7.000	1347.656	0.259
4880.000	7.000	1347.656	0.259
4890.000	7.000	1347.656	0.259
4900.000	7.000	1351.562	0.241
4910.000	7.000	1351.562	0.241
4920.000	7.000	1351.562	0.241
4930.000	7.000	1406.250	0.230
4940.000	7.000	1406.250	0.230
4950.000	7.000	1406.250	0.230
4960.000	7.000	1416.016	0.242
4970.000	7.000	1416.016	0.242
4980.000	7.000	1416.016	0.242
4990.000	7.000	1380.859	0.246
5000.000	7.000	1380.859	0.246
5010.000	7.000	1380.859	0.246
5020.000	7.000	1396.484	0.253
5030.000	7.000	1396.484	0.253
5040.000	7.000	1396.484	0.253
5050.000	7.000	1458.984	0.256
5060.000	7.000	1458.984	0.256
5070.000	7.000	1458.984	0.256
5080.000	7.000	1437.500	0.236
5090.000	7.000	1437.500	0.236
5100.000	7.000	1437.500	0.236
5110.000	7.000	1457.031	0.245
5120.000	7.000	1457.031	0.245
5130.000	7.000	1457.031	0.245
5140.000	7.000	1468.750	0.233
5150.000	7.000	1468.750	0.233
5160.000	7.000	1468.750	0.233
5170.000	7.000	1457.031	0.228
5180.000	7.000	1457.031	0.228
5190.000	7.000	1457.031	0.228
5200.000	7.000	1476.562	0.245
5210.000	7.000	1476.562	0.245
5220.000	7.000	1476.562	0.245
5230.000	7.000	1468.750	0.254
5240.000	7.000	1468.750	0.254
5250.000	7.000	1468.750	0.254
5260.000	7.000	1484.375	0.236
5270.000	7.000	1484.375	0.236
5280.000	7.000	1484.375	0.236
5290.000	7.000	1494.141	0.222
5300.000	7.000	1494.141	0.222
5310.000	7.000	1494.141	0.222
5320.000	7.000	1521.484	0.247
5330.000	7.000	1521.484	0.247
5340.000	7.000	1521.484	0.247
5350.000	7.000	1505.859	0.259
5360.000	7.000	1505.859	0.259
5370.000	7.000	1505.859	0.259
5380.000	7.000	1498.047	0.225
5390.000	7.000	1498.047	0.225
5400.000	7.000	1498.047	0.225
5410.000	7.000	1519.531	0.244
5420.000	7.000	1519.531	0.244
5430.000	7.000	1519.531	0.244
5440.000	7.000	1546.875	0.253
5450.000	7.000	1546.875	0.253
5460.000	7.000	1546.875	0.253
5470.000	7.000	1564.453	0.242
5480.000	7.000	1564.453	0.242
5490.000	7.000	1564.453	0.242
5500.000	7.000	1558.594	0.241
5510.000	7.000	1558.594	0.241
5520.000	7.000	1558.594	0.241
5530.000	7.000	1560.547	0.227
5540.000	7.000	1560.547	0.227
5550.000	7.000	1560.547	0.227
5560.000	7.000	1548.828	0.235
5570.000	7.000	1548.828	0.235
5580.000	7.000	1548.828	0.235
5590.000	7.000	1591.797	0.247
5600.000	7.000	1591.797	0.247
5610.000	7.000	1591.797	0.247
5620.000	7.000	1601.562	0.240
5630.000	7.000	1601.562	0.240
5640.000	7.000	1601.562	0.240
5650.000	7.000	1605.469	0.254
5660.000	7.000	1605.469	0.254
5670.000	7.000	1605.469	0.254
5680.000	7.000	1623.047	0.220
5690.000	7.000	1623.047	0.220
5700.000	7.000	1623.047	0.220
5710.000	7.000	1623.047	0.237
5720.000	7.000	1623.047	0.237
5730.000	7.000	1623.047	0.237
5740.000	7.000	1621.094	0.244
5750.000	7.000	1621.094	0.244
5760.000	7.000	1621.094	0.244
5770.000	7.000	1601.562	0.238
5780.000	7.000	1601.562	0.238
5790.000	7.000	1601.562	0.238
5800.000	7.000	1623.047	0.243
5810.000	7.000	1623.047	0.243
5820.000	7.000	1623.047	0.243
5830.000	7.000	1636.719	0.236
5840.000	7.000	1636.719	0.236
5850.000	7.000	1636.719	0.236
5860.000	7.000	1662.109	0.246
5870.000	7.000	1662.109	0.246
5880.000	7.000	1662.109	0.246
5890.000	7.000	1632.812	0.237
5900.000	7.000	1632.812	0.237
5910.000	7.000	1632.812	0.237
5920.000	7.000	1666.016	0.261
5930.000	7.000	1666.016	0.261
5940.000	7.000	1666.016	0.261
5950.000	7.000	1667.969	0.251
5960.000	7.000	1667.969	0.251
5970.000	7.000	1667.969	0.251
5980.000	7.000	1693.359	0.248
5990.000	7.000	1693.359	0.248
6000.000	7.000	1693.359	0.248
6010.000	7.000	1708.984	0.242
6020.000	7.000	1708.984	0.242
6030.000	7.000	1708.984	0.242
6040.000	7.000	1687.500	0.260
6050.000	7.000	1687.500	0.260
6060.000	7.000	1687.500	0.260
6070.000	7.000	1708.984	0.257
6080.000	7.000	1708.984	0.257
6090.000	7.000	1708.984	0.257
6100.000	7.000	1695.312	0.243
6110.000	7.000	1695.312	0.243
6120.000	7.000	1695.312	0.243
6130.000	7.000	1718.750	0.129
6140.000	7.000	1718.750	0.129
6150.000	7.000	1718.750	0.129
6160.000	7.000	1699.219	0.084
6170.000	7.000	1699.219	0.084
6180.000	7.000	1699.219	0.084
6190.000	7.000	1712.891	0.059
6200.000	7.000	1712.891	0.059
6210.000	7.000	1712.891	0.059
6220.000	7.000	1656.250	0.027
6230.000	7.000	1656.250	0.027
6240.000	7.000	1656.250	0.027
6250.000	7.000	1656.250	0.032
6260.000	7.000	1656.250	0.032
6270.000	7.000	1656.250	0.032
6280.000	7.000	1654.297	0.046
6290.000	7.000	1654.297	0.046
6300.000	7.000	1654.297	0.046
6310.000	7.000	1636.719	0.014
6320.000	7.000	1636.719	0.014
6330.000	7.000	1636.719	0.014
6340.000	7.000	1642.578	0.039
6350.000	7.000	1642.578	0.039
6360.000	7.000	1642.578	0.039
6370.000	7.000	1589.844	0.025
6380.000	7.000	1589.844	0.025
6390.000	7.000	1589.844	0.025
6400.000	7.000	1628.906	0.028
6410.000	7.000	1628.906	0.028
6420.000	7.000	1628.906	0.028
6430.000	7.000	1589.844	0.042
6440.000	7.000	1589.844	0.042
6450.000	7.000	1589.844	0.042
6460.000	7.000	1589.844	0.022
6470.000	7.000	1589.844	0.022
6480.000	7.000	1589.844	0.022
6490.000	7.000	1582.031	0.034
6500.000	7.000	1582.031	0.034
6510.000	7.000	1582.031	0.034
6520.000	7.000	1562.500	0.018
6530.000	7.000	1562.500	0.018
6540.000	7.000	1562.500	0.018
6550.000	7.000	1541.016	0.019
6560.000	7.000	1541.016	0.019
6570.000	7.000	1541.016	0.019
6580.000	7.000	1550.781	0.031
6590.000	7.000	1550.781	0.031
6600.000	7.000	1550.781	0.031
6610.000	7.000	1548.828	0.038
6620.000	7.000	1548.828	0.038
6630.000	7.000	1548.828	0.038
6640.000	7.000	1527.344	0.018
6650.000	7.000	1527.344	0.018
6660.000	7.000	1527.344	0.018
6670.000	7.000	1501.953	0.037
6680.000	7.000	1501.953	0.037
6690.000	7.000	1501.953	0.037
6700.000	7.000	1484.375	0.040
6710.000	7.000	1484.375	0.040
6720.000	7.000	1484.375	0.040
6730.000	7.000	1476.562	0.026
6740.000	7.000	1476.562	0.026
6750.000	7.000	1476.562	0.026
6760.000	7.000	1488.281	0.023
6770.000	7.000	1488.281	0.023
6780.000	7.000	1488.281	0.023
6790.000	7.000	1462.891	0.008
6800.000	7.000	1462.891	0.008
6810.000	7.000	1462.891	0.008
6820.000	7.000	1443.359	0.029
6830.000	7.000	1443.359	0.029
6840.000	7.000	1443.359	0.029
6850.000	7.000	1423.828	0.034
6860.000	7.000	1423.828	0.034
6870.000	7.000	1423.828	0.034
6880.000	7.000	1416.016	0.037
6890.000	7.000	1416.016	0.037
6900.000	7.000	1416.016	0.037
6910.000	7.000	1412.109	0.036
6920.000	7.000	1412.109	0.036
6930.000	7.000	1412.109	0.036
6940.000	7.000	1410.156	0.021
6950.000	7.000	1410.156	0.021
6960.000	7.000	1410.156	0.021
6970.000	7.000	1375.000	0.032
6980.000	7.000	1375.000	0.032
6990.000	7.000	1375.000	0.032
7000.000	7.000	1382.812	0.024
7010.000	7.000	1382.812	0.024
7020.000	7.000	1382.812	0.024
