%Time [ms]	Commanded Torque [mNm]	Angular Velocity [RPM]	Actual Current [Amp]	%2/24/202610:18 AM
0.000	0.000	0.000	0.000
20.000	10.000	50.781	0.017
30.000	10.000	50.781	0.017
40.000	10.000	50.781	0.017
50.000	10.000	89.844	0.033
60.000	10.000	89.844	0.033
70.000	10.000	89.844	0.033
80.000	10.000	62.500	0.021
90.000	10.000	62.500	0.021
100.000	10.000	62.500	0.021
110.000	10.000	76.172	0.038
120.000	10.000	76.172	0.038
130.000	10.000	76.172	0.038
140.000	10.000	72.266	0.037
150.000	10.000	72.266	0.037
160.000	10.000	72.266	0.037
170.000	10.000	91.797	0.025
180.000	10.000	91.797	0.025
190.000	10.000	91.797	0.025
200.000	10.000	42.969	0.029
210.000	10.000	42.969	0.029
220.000	10.000	42.969	0.029
230.000	10.000	82.031	0.033
240.000	10.000	82.031	0.033
250.000	10.000	82.031	0.033
260.000	10.000	68.359	0.015
270.000	10.000	68.359	0.015
280.000	10.000	68.359	0.015
290.000	10.000	72.266	0.038
300.000	10.000	72.266	0.038
310.000	10.000	72.266	0.038
320.000	10.000	85.937	0.038
330.000	10.000	85.937	0.038
340.000	10.000	85.937	0.038
350.000	10.000	72.266	0.021
360.000	10.000	72.266	0.021
370.000	10.000	72.266	0.021
380.000	10.000	56.641	0.010
390.000	10.000	56.641	0.010
400.000	10.000	56.641	0.010
410.000	10.000	60.547	0.023
420.000	10.000	60.547	0.023
430.000	10.000	60.547	0.023
440.000	10.000	76.172	0.033
450.000	10.000	76.172	0.033
460.000	10.000	76.172	0.033
470.000	10.000	72.266	0.027
480.000	10.000	72.266	0.027
490.000	10.000	72.266	0.027
500.000	10.000	78.125	0.020
510.000	10.000	78.125	0.020
520.000	10.000	78.125	0.020
530.000	10.000	97.656	0.025
540.000	10.000	97.656	0.025
550.000	10.000	97.656	0.025
560.000	10.000	60.547	0.030
570.000	10.000	60.547	0.030
580.000	10.000	60.547	0.030
590.000	10.000	76.172	0.038
600.000	10.000	76.172	0.038
610.000	10.000	76.172	0.038
620.000	10.000	58.594	0.043
630.000	10.000	58.594	0.043
640.000	10.000	58.594	0.043
650.000	10.000	37.109	0.007
660.000	10.000	37.109	0.007
670.000	10.000	37.109	0.007
680.000	10.000	70.312	0.014
690.000	10.000	70.312	0.014
700.000	10.000	70.312	0.014
710.000	10.000	42.969	0.016
720.000	10.000	42.969	0.016
730.000	10.000	42.969	0.016
740.000	10.000	95.703	0.024
750.000	10.000	95.703	0.024
760.000	10.000	95.703	0.024
770.000	10.000	80.078	0.022
780.000	10.000	80.078	0.022
790.000	10.000	80.078	0.022
800.000	10.000	56.641	0.033
810.000	10.000	56.641	0.033
820.000	10.000	56.641	0.033
830.000	10.000	93.750	0.021
840.000	10.000	93.750	0.021
850.000	10.000	93.750	0.021
860.000	10.000	76.172	0.021
870.000	10.000	76.172	0.021
880.000	10.000	76.172	0.021
890.000	10.000	58.594	0.042
900.000	10.000	58.594	0.042
910.000	10.000	58.594	0.042
920.000	10.000	91.797	0.029
930.000	10.000	91.797	0.029
940.000	10.000	91.797	0.029
950.000	10.000	56.641	0.020
960.000	10.000	56.641	0.020
970.000	10.000	56.641	0.020
980.000	10.000	76.172	0.025
990.000	10.000	76.172	0.025
1000.000	10.000	76.172	0.025
1010.000	10.000	74.219	0.032
1020.000	10.000	74.219	0.032
1030.000	10.000	74.219	0.032
1040.000	10.000	66.406	0.022
1050.000	10.000	66.406	0.022
1060.000	10.000	66.406	0.022
1070.000	10.000	80.078	0.023
1080.000	10.000	80.078	0.023
1090.000	10.000	80.078	0.023
1100.000	10.000	68.359	0.172
1110.000	10.000	68.359	0.172
1120.000	10.000	68.359	0.172
1130.000	10.000	76.172	0.276
1140.000	10.000	76.172	0.276
1150.000	10.000	76.172	0.276
1160.000	10.000	62.500	0.292
1170.000	10.000	62.500	0.292
1180.000	10.000	62.500	0.292
1190.000	10.000	117.187	0.317
1200.000	10.000	117.187	0.317
1210.000	10.000	117.187	0.317
1220.000	10.000	144.531	0.327
1230.000	10.000	144.531	0.327
1240.000	10.000	144.531	0.327
1250.000	10.000	138.672	0.332
1260.000	10.000	138.672	0.332
1270.000	10.000	138.672	0.332
1280.000	10.000	166.016	0.304
1290.000	10.000	166.016	0.304
1300.000	10.000	166.016	0.304
1310.000	10.000	179.687	0.298
1320.000	10.000	179.687	0.298
1330.000	10.000	179.687	0.298
1340.000	10.000	216.797	0.319
1350.000	10.000	216.797	0.319
1360.000	10.000	216.797	0.319
1370.000	10.000	232.422	0.319
1380.000	10.000	232.422	0.319
1390.000	10.000	232.422	0.319
1400.000	10.000	257.812	0.323
1410.000	10.000	257.812	0.323
1420.000	10.000	257.812	0.323
1430.000	10.000	291.016	0.314
1440.000	10.000	291.016	0.314
1450.000	10.000	291.016	0.314
1460.000	10.000	291.016	0.333
1470.000	10.000	291.016	0.333
1480.000	10.000	291.016	0.333
1490.000	10.000	291.016	0.303
1500.000	10.000	291.016	0.303
1510.000	10.000	291.016	0.303
1520.000	10.000	365.234	0.330
1530.000	10.000	365.234	0.330
1540.000	10.000	365.234	0.330
1550.000	10.000	355.469	0.323
1560.000	10.000	355.469	0.323
1570.000	10.000	355.469	0.323
1580.000	10.000	396.484	0.320
1590.000	10.000	396.484	0.320
1600.000	10.000	396.484	0.320
1610.000	10.000	423.828	0.318
1620.000	10.000	423.828	0.318
1630.000	10.000	423.828	0.318
1640.000	10.000	419.922	0.328
1650.000	10.000	419.922	0.328
1660.000	10.000	419.922	0.328
1670.000	10.000	460.937	0.309
1680.000	10.000	460.937	0.309
1690.000	10.000	460.937	0.309
1700.000	10.000	458.984	0.306
1710.000	10.000	458.984	0.306
1720.000	10.000	458.984	0.306
1730.000	10.000	488.281	0.316
1740.000	10.000	488.281	0.316
1750.000	10.000	488.281	0.316
1760.000	10.000	488.281	0.330
1770.000	10.000	488.281	0.330
1780.000	10.000	488.281	0.330
1790.000	10.000	515.625	0.320
1800.000	10.000	515.625	0.320
1810.000	10.000	515.625	0.320
1820.000	10.000	537.109	0.324
1830.000	10.000	537.109	0.324
1840.000	10.000	537.109	0.324
1850.000	10.000	527.344	0.335
1860.000	10.000	527.344	0.335
1870.000	10.000	527.344	0.335
1880.000	10.000	552.734	0.324
1890.000	10.000	552.734	0.324
1900.000	10.000	552.734	0.324
1910.000	10.000	585.937	0.336
1920.000	10.000	585.937	0.336
1930.000	10.000	585.937	0.336
1940.000	10.000	609.375	0.305
1950.000	10.000	609.375	0.305
1960.000	10.000	609.375	0.305
1970.000	10.000	625.000	0.329
1980.000	10.000	625.000	0.329
1990.000	10.000	625.000	0.329
2000.000	10.000	621.094	0.329
2010.000	10.000	621.094	0.329
2020.000	10.000	621.094	0.329
2030.000	10.000	644.531	0.312
2040.000	10.000	644.531	0.312
2050.000	10.000	644.531	0.312
2060.000	10.000	673.828	0.308
2070.000	10.000	673.828	0.308
2080.000	10.000	673.828	0.308
2090.000	10.000	697.266	0.322
2100.000	10.000	697.266	0.322
2110.000	10.000	697.266	0.322
2120.000	10.000	697.266	0.315
2130.000	10.000	697.266	0.315
2140.000	10.000	697.266	0.315
2150.000	10.000	712.891	0.313
2160.000	10.000	712.891	0.313
2170.000	10.000	712.891	0.313
2180.000	10.000	759.766	0.312
2190.000	10.000	759.766	0.312
2200.000	10.000	759.766	0.312
2210.000	10.000	767.578	0.319
2220.000	10.000	767.578	0.319
2230.000	10.000	767.578	0.319
2240.000	10.000	792.969	0.336
2250.000	10.000	792.969	0.336
2260.000	10.000	792.969	0.336
2270.000	10.000	818.359	0.309
2280.000	10.000	818.359	0.309
2290.000	10.000	818.359	0.309
2300.000	10.000	802.734	0.311
2310.000	10.000	802.734	0.311
2320.000	10.000	802.734	0.311
2330.000	10.000	833.984	0.320
2340.000	10.000	833.984	0.320
2350.000	10.000	833.984	0.320
2360.000	10.000	880.859	0.332
2370.000	10.000	880.859	0.332
2380.000	10.000	880.859	0.332
2390.000	10.000	851.562	0.329
2400.000	10.000	851.562	0.329
2410.000	10.000	851.562	0.329
2420.000	10.000	876.953	0.312
2430.000	10.000	876.953	0.312
2440.000	10.000	876.953	0.312
2450.000	10.000	914.062	0.319
2460.000	10.000	914.062	0.319
2470.000	10.000	914.062	0.319
2480.000	10.000	923.828	0.330
2490.000	10.000	923.828	0.330
2500.000	10.000	923.828	0.330
2510.000	10.000	945.312	0.323
2520.000	10.000	945.312	0.323
2530.000	10.000	945.312	0.323
2540.000	10.000	931.641	0.316
2550.000	10.000	931.641	0.316
2560.000	10.000	931.641	0.316
2570.000	10.000	968.750	0.313
2580.000	10.000	968.750	0.313
2590.000	10.000	968.750	0.313
2600.000	10.000	964.844	0.342
2610.000	10.000	964.844	0.342
2620.000	10.000	964.844	0.342
2630.000	10.000	1015.625	0.333
2640.000	10.000	1015.625	0.333
2650.000	10.000	1015.625	0.333
2660.000	10.000	1044.922	0.326
2670.000	10.000	1044.922	0.326
2680.000	10.000	1044.922	0.326
2690.000	10.000	1042.969	0.300
2700.000	10.000	1042.969	0.300
2710.000	10.000	1042.969	0.300
2720.000	10.000	1044.922	0.326
2730.000	10.000	1044.922	0.326
2740.000	10.000	1044.922	0.326
2750.000	10.000	1085.937	0.320
2760.000	10.000	1085.937	0.320
2770.000	10.000	1085.937	0.320
2780.000	10.000	1068.359	0.327
2790.000	10.000	1068.359	0.327
2800.000	10.000	1068.359	0.327
2810.000	10.000	1089.844	0.337
2820.000	10.000	1089.844	0.337
2830.000	10.000	1089.844	0.337
2840.000	10.000	1125.000	0.301
2850.000	10.000	1125.000	0.301
2860.000	10.000	1125.000	0.301
2870.000	10.000	1154.297	0.301
2880.000	10.000	1154.297	0.301
2890.000	10.000	1154.297	0.301
2900.000	10.000	1189.453	0.312
2910.000	10.000	1189.453	0.312
2920.000	10.000	1189.453	0.312
2930.000	10.000	1142.578	0.298
2940.000	10.000	1142.578	0.298
2950.000	10.000	1142.578	0.298
2960.000	10.000	1195.312	0.327
2970.000	10.000	1195.312	0.327
2980.000	10.000	1195.312	0.327
2990.000	10.000	1208.984	0.314
3000.000	10.000	1208.984	0.314
3010.000	10.000	1208.984	0.314
3020.000	10.000	1244.141	0.315
3030.000	10.000	1244.141	0.315
3040.000	10.000	1244.141	0.315
3050.000	10.000	1234.375	0.330
3060.000	10.000	1234.375	0.330
3070.000	10.000	1234.375	0.330
3080.000	10.000	1279.297	0.323
3090.000	10.000	1279.297	0.323
3100.000	10.000	1279.297	0.323
3110.000	10.000	1296.875	0.307
3120.000	10.000	1296.875	0.307
3130.000	10.000	1296.875	0.307
3140.000	10.000	1275.391	0.333
3150.000	10.000	1275.391	0.333
3160.000	10.000	1275.391	0.333
3170.000	10.000	1312.500	0.324
3180.000	10.000	1312.500	0.324
3190.000	10.000	1312.500	0.324
3200.000	10.000	1341.797	0.324
3210.000	10.000	1341.797	0.324
3220.000	10.000	1341.797	0.324
3230.000	10.000	1345.703	0.322
3240.000	10.000	1345.703	0.322
3250.000	10.000	1345.703	0.322
3260.000	10.000	1337.891	0.301
3270.000	10.000	1337.891	0.301
3280.000	10.000	1337.891	0.301
3290.000	10.000	1380.859	0.319
3300.000	10.000	1380.859	0.319
3310.000	10.000	1380.859	0.319
3320.000	10.000	1380.859	0.319
3330.000	10.000	1380.859	0.319
3340.000	10.000	1380.859	0.319
3350.000	10.000	1386.719	0.319
3360.000	10.000	1386.719	0.319
3370.000	10.000	1386.719	0.319
3380.000	10.000	1384.766	0.330
3390.000	10.000	1384.766	0.330
3400.000	10.000	1384.766	0.330
3410.000	10.000	1423.828	0.308
3420.000	10.000	1423.828	0.308
3430.000	10.000	1423.828	0.308
3440.000	10.000	1464.844	0.306
3450.000	10.000	1464.844	0.306
3460.000	10.000	1464.844	0.306
3470.000	10.000	1492.187	0.318
3480.000	10.000	1492.187	0.318
3490.000	10.000	1492.187	0.318
3500.000	10.000	1470.703	0.335
3510.000	10.000	1470.703	0.335
3520.000	10.000	1470.703	0.335
3530.000	10.000	1486.328	0.302
3540.000	10.000	1486.328	0.302
3550.000	10.000	1486.328	0.302
3560.000	10.000	1529.297	0.337
3570.000	10.000	1529.297	0.337
3580.000	10.000	1529.297	0.337
3590.000	10.000	1503.906	0.315
3600.000	10.000	1503.906	0.315
3610.000	10.000	1503.906	0.315
3620.000	10.000	1548.828	0.329
3630.000	10.000	1548.828	0.329
3640.000	10.000	1548.828	0.329
3650.000	10.000	1560.547	0.330
3660.000	10.000	1560.547	0.330
3670.000	10.000	1560.547	0.330
3680.000	10.000	1576.172	0.324
3690.000	10.000	1576.172	0.324
3700.000	10.000	1576.172	0.324
3710.000	10.000	1566.406	0.308
3720.000	10.000	1566.406	0.308
3730.000	10.000	1566.406	0.308
3740.000	10.000	1617.187	0.308
3750.000	10.000	1617.187	0.308
3760.000	10.000	1617.187	0.308
3770.000	10.000	1628.906	0.304
3780.000	10.000	1628.906	0.304
3790.000	10.000	1628.906	0.304
3800.000	10.000	1654.297	0.332
3810.000	10.000	1654.297	0.332
3820.000	10.000	1654.297	0.332
3830.000	10.000	1648.437	0.334
3840.000	10.000	1648.437	0.334
3850.000	10.000	1648.437	0.334
3860.000	10.000	1660.156	0.337
3870.000	10.000	1660.156	0.337
3880.000	10.000	1660.156	0.337
3890.000	10.000	1685.547	0.332
3900.000	10.000	1685.547	0.332
3910.000	10.000	1685.547	0.332
3920.000	10.000	1693.359	0.315
3930.000	10.000	1693.359	0.315
3940.000	10.000	1693.359	0.315
3950.000	10.000	1726.562	0.324
3960.000	10.000	1726.562	0.324
3970.000	10.000	1726.562	0.324
3980.000	10.000	1740.234	0.325
3990.000	10.000	1740.234	0.325
4000.000	10.000	1740.234	0.325
4010.000	10.000	1736.328	0.328
4020.000	10.000	1736.328	0.328
4030.000	10.000	1736.328	0.328
4040.000	10.000	1726.562	0.337
4050.000	10.000	1726.562	0.337
4060.000	10.000	1726.562	0.337
4070.000	10.000	1763.672	0.310
4080.000	10.000	1763.672	0.310
4090.000	10.000	1763.672	0.310
4100.000	10.000	1796.875	0.321
4110.000	10.000	1796.875	0.321
4120.000	10.000	1796.875	0.321
4130.000	10.000	1808.594	0.312
4140.000	10.000	1808.594	0.312
4150.000	10.000	1808.594	0.312
4160.000	10.000	1777.344	0.322
4170.000	10.000	1777.344	0.322
4180.000	10.000	1777.344	0.322
4190.000	10.000	1804.687	0.315
4200.000	10.000	1804.687	0.315
4210.000	10.000	1804.687	0.315
4220.000	10.000	1853.516	0.306
4230.000	10.000	1853.516	0.306
4240.000	10.000	1853.516	0.306
4250.000	10.000	1830.078	0.311
4260.000	10.000	1830.078	0.311
4270.000	10.000	1830.078	0.311
4280.000	10.000	1871.094	0.304
4290.000	10.000	1871.094	0.304
4300.000	10.000	1871.094	0.304
4310.000	10.000	1890.625	0.329
4320.000	10.000	1890.625	0.329
4330.000	10.000	1890.625	0.329
4340.000	10.000	1896.484	0.301
4350.000	10.000	1896.484	0.301
4360.000	10.000	1896.484	0.301
4370.000	10.000	1921.875	0.322
4380.000	10.000	1921.875	0.322
4390.000	10.000	1921.875	0.322
4400.000	10.000	1931.641	0.314
4410.000	10.000	1931.641	0.314
4420.000	10.000	1931.641	0.314
4430.000	10.000	1947.266	0.339
4440.000	10.000	1947.266	0.339
4450.000	10.000	1947.266	0.339
4460.000	10.000	1937.500	0.320
4470.000	10.000	1937.500	0.320
4480.000	10.000	1937.500	0.320
4490.000	10.000	1947.266	0.328
4500.000	10.000	1947.266	0.328
4510.000	10.000	1947.266	0.328
4520.000	10.000	1974.609	0.331
4530.000	10.000	1974.609	0.331
4540.000	10.000	1974.609	0.331
4550.000	10.000	1992.187	0.309
4560.000	10.000	1992.187	0.309
4570.000	10.000	1992.187	0.309
4580.000	10.000	2005.859	0.327
4590.000	10.000	2005.859	0.327
4600.000	10.000	2005.859	0.327
4610.000	10.000	2035.156	0.309
4620.000	10.000	2035.156	0.309
4630.000	10.000	2035.156	0.309
4640.000	10.000	2011.719	0.327
4650.000	10.000	2011.719	0.327
4660.000	10.000	2011.719	0.327
4670.000	10.000	2060.547	0.326
4680.000	10.000	2060.547	0.326
4690.000	10.000	2060.547	0.326
4700.000	10.000	2058.594	0.315
4710.000	10.000	2058.594	0.315
4720.000	10.000	2058.594	0.315
4730.000	10.000	2072.266	0.330
4740.000	10.000	2072.266	0.330
4750.000	10.000	2072.266	0.330
4760.000	10.000	2070.312	0.314
4770.000	10.000	2070.312	0.314
4780.000	10.000	2070.312	0.314
4790.000	10.000	2107.422	0.296
4800.000	10.000	2107.422	0.296
4810.000	10.000	2107.422	0.296
4820.000	10.000	2117.187	0.324
4830.000	10.000	2117.187	0.324
4840.000	10.000	2117.187	0.324
4850.000	10.000	2125.000	0.298
4860.000	10.000	2125.000	0.298
4870.000	10.000	2125.000	0.298
4880.000	10.000	2142.578	0.316
4890.000	10.000	2142.578	0.316
4900.000	10.000	2142.578	0.316
4910.000	10.000	2144.531	0.324
4920.000	10.000	2144.531	0.324
4930.000	10.000	2144.531	0.324
4940.000	10.000	2162.109	0.322
4950.000	10.000	2162.109	0.322
4960.000	10.000	2162.109	0.322
4970.000	10.000	2164.062	0.301
4980.000	10.000	2164.062	0.301
4990.000	10.000	2164.062	0.301
5000.000	10.000	2195.312	0.305
5010.000	10.000	2195.312	0.305
5020.000	10.000	2195.312	0.305
5030.000	10.000	2197.266	0.298
5040.000	10.000	2197.266	0.298
5050.000	10.000	2197.266	0.298
5060.000	10.000	2218.750	0.323
5070.000	10.000	2218.750	0.323
5080.000	10.000	2218.750	0.323
5090.000	10.000	2224.609	0.308
5100.000	10.000	2224.609	0.308
5110.000	10.000	2224.609	0.308
5120.000	10.000	2242.187	0.337
5130.000	10.000	2242.187	0.337
5140.000	10.000	2242.187	0.337
5150.000	10.000	2271.484	0.310
5160.000	10.000	2271.484	0.310
5170.000	10.000	2271.484	0.310
5180.000	10.000	2283.203	0.326
5190.000	10.000	2283.203	0.326
5200.000	10.000	2283.203	0.326
5210.000	10.000	2294.922	0.316
5220.000	10.000	2294.922	0.316
5230.000	10.000	2294.922	0.316
5240.000	10.000	2271.484	0.320
5250.000	10.000	2271.484	0.320
5260.000	10.000	2271.484	0.320
5270.000	10.000	2316.406	0.326
5280.000	10.000	2316.406	0.326
5290.000	10.000	2316.406	0.326
5300.000	10.000	2351.562	0.314
5310.000	10.000	2351.562	0.314
5320.000	10.000	2351.562	0.314
5330.000	10.000	2326.172	0.327
5340.000	10.000	2326.172	0.327
5350.000	10.000	2326.172	0.327
5360.000	10.000	2351.562	0.314
5370.000	10.000	2351.562	0.314
5380.000	10.000	2351.562	0.314
5390.000	10.000	2375.000	0.318
5400.000	10.000	2375.000	0.318
5410.000	10.000	2375.000	0.318
5420.000	10.000	2349.609	0.337
5430.000	10.000	2349.609	0.337
5440.000	10.000	2349.609	0.337
5450.000	10.000	2412.109	0.339
5460.000	10.000	2412.109	0.339
5470.000	10.000	2412.109	0.339
5480.000	10.000	2431.641	0.315
5490.000	10.000	2431.641	0.315
5500.000	10.000	2431.641	0.315
5510.000	10.000	2416.016	0.326
5520.000	10.000	2416.016	0.326
5530.000	10.000	2416.016	0.326
5540.000	10.000	2433.594	0.336
5550.000	10.000	2433.594	0.336
5560.000	10.000	2433.594	0.336
5570.000	10.000	2457.031	0.320
5580.000	10.000	2457.031	0.320
5590.000	10.000	2457.031	0.320
5600.000	10.000	2458.984	0.316
5610.000	10.000	2458.984	0.316
5620.000	10.000	2458.984	0.316
5630.000	10.000	2492.187	0.320
5640.000	10.000	2492.187	0.320
5650.000	10.000	2492.187	0.320
5660.000	10.000	2464.844	0.322
5670.000	10.000	2464.844	0.322
5680.000	10.000	2464.844	0.322
5690.000	10.000	2494.141	0.320
5700.000	10.000	2494.141	0.320
5710.000	10.000	2494.141	0.320
5720.000	10.000	2529.297	0.323
5730.000	10.000	2529.297	0.323
5740.000	10.000	2529.297	0.323
5750.000	10.000	2537.109	0.320
5760.000	10.000	2537.109	0.320
5770.000	10.000	2537.109	0.320
5780.000	10.000	2546.875	0.314
5790.000	10.000	2546.875	0.314
5800.000	10.000	2546.875	0.314
5810.000	10.000	2542.969	0.308
5820.000	10.000	2542.969	0.308
5830.000	10.000	2542.969	0.308
5840.000	10.000	2570.312	0.336
5850.000	10.000	2570.312	0.336
5860.000	10.000	2570.312	0.336
5870.000	10.000	2560.547	0.312
5880.000	10.000	2560.547	0.312
5890.000	10.000	2560.547	0.312
5900.000	10.000	2597.656	0.305
5910.000	10.000	2597.656	0.305
5920.000	10.000	2597.656	0.305
5930.000	10.000	2640.625	0.328
5940.000	10.000	2640.625	0.328
5950.000	10.000	2640.625	0.328
5960.000	10.000	2583.984	0.312
5970.000	10.000	2583.984	0.312
5980.000	10.000	2583.984	0.312
5990.000	10.000	2607.422	0.319
6000.000	10.000	2607.422	0.319
6010.000	10.000	2607.422	0.319
6020.000	10.000	2654.297	0.308
6030.000	10.000	2654.297	0.308
6040.000	10.000	2654.297	0.308
6050.000	10.000	2662.109	0.308
6060.000	10.000	2662.109	0.308
6070.000	10.000	2662.109	0.308
6080.000	10.000	2654.297	0.313
6090.000	10.000	2654.297	0.313
6100.000	10.000	2654.297	0.313
6110.000	10.000	2662.109	0.173
6120.000	10.000	2662.109	0.173
6130.000	10.000	2662.109	0.173
6140.000	10.000	2636.719	0.089
6150.000	10.000	2636.719	0.089
6160.000	10.000	2636.719	0.089
6170.000	10.000	2681.641	0.057
6180.000	10.000	2681.641	0.057
6190.000	10.000	2681.641	0.057
6200.000	10.000	2648.437	0.038
6210.000	10.000	2648.437	0.038
6220.000	10.000	2648.437	0.038
6230.000	10.000	2613.281	0.007
6240.000	10.000	2613.281	0.007
6250.000	10.000	2613.281	0.007
6260.000	10.000	2613.281	0.008
6270.000	10.000	2613.281	0.008
6280.000	10.000	2613.281	0.008
6290.000	10.000	2589.844	0.018
6300.000	10.000	2589.844	0.018
6310.000	10.000	2589.844	0.018
6320.000	10.000	2572.266	0.028
6330.000	10.000	2572.266	0.028
6340.000	10.000	2572.266	0.028
6350.000	10.000	2562.500	0.003
6360.000	10.000	2562.500	0.003
6370.000	10.000	2562.500	0.003
6380.000	10.000	2548.828	0.025
6390.000	10.000	2548.828	0.025
6400.000	10.000	2548.828	0.025
6410.000	10.000	2548.828	0.014
6420.000	10.000	2548.828	0.014
6430.000	10.000	2548.828	0.014
6440.000	10.000	2539.062	0.030
6450.000	10.000	2539.062	0.030
6460.000	10.000	2539.062	0.030
6470.000	10.000	2486.328	0.012
6480.000	10.000	2486.328	0.012
6490.000	10.000	2486.328	0.012
6500.000	10.000	2496.094	0.036
6510.000	10.000	2496.094	0.036
6520.000	10.000	2496.094	0.036
6530.000	10.000	2470.703	0.029
6540.000	10.000	2470.703	0.029
6550.000	10.000	2470.703	0.029
6560.000	10.000	2476.562	0.038
6570.000	10.000	2476.562	0.038
6580.000	10.000	2476.562	0.038
6590.000	10.000	2455.078	0.023
6600.000	10.000	2455.078	0.023
6610.000	10.000	2455.078	0.023
6620.000	10.000	2433.594	0.024
6630.000	10.000	2433.594	0.024
6640.000	10.000	2433.594	0.024
6650.000	10.000	2425.781	0.017
6660.000	10.000	2425.781	0.017
6670.000	10.000	2425.781	0.017
6680.000	10.000	2412.109	0.024
6690.000	10.000	2412.109	0.024
6700.000	10.000	2412.109	0.024
6710.000	10.000	2376.953	0.038
6720.000	10.000	2376.953	0.038
6730.000	10.000	2376.953	0.038
6740.000	10.000	2357.422	0.026
6750.000	10.000	2357.422	0.026
6760.000	10.000	2357.422	0.026
6770.000	10.000	2353.516	0.037
6780.000	10.000	2353.516	0.037
6790.000	10.000	2353.516	0.037
6800.000	10.000	2378.906	0.011
6810.000	10.000	2378.906	0.011
6820.000	10.000	2378.906	0.011
6830.000	10.000	2355.469	-0.001
6840.000	10.000	2355.469	-0.001
6850.000	10.000	2355.469	-0.001
6860.000	10.000	2291.016	0.034
6870.000	10.000	2291.016	0.034
6880.000	10.000	2291.016	0.034
6890.000	10.000	2304.687	0.011
6900.000	10.000	2304.687	0.011
6910.000	10.000	2304.687	0.011
6920.000	10.000	2296.875	0.025
6930.000	10.000	2296.875	0.025
6940.000	10.000	2296.875	0.025
6950.000	10.000	2281.250	0.017
6960.000	10.000	2281.250	0.017
6970.000	10.000	2281.250	0.017
6980.000	10.000	2261.719	0.017
6990.000	10.000	2261.719	0.017
7000.000	10.000	2261.719	0.017
7010.000	10.000	2226.562	0.021
7020.000	10.000	2226.562	0.021
