%Time [ms]	Commanded Torque [mNm]	Angular Velocity [RPM]	Actual Current [Amp]	%2/10/202610:06 AM
0.000	0.000	0.000	0.000
20.000	2.000	-44.922	-0.010
30.000	2.000	-44.922	-0.010
40.000	2.000	-3.906	-0.014
50.000	2.000	-3.906	-0.014
60.000	2.000	-3.906	-0.014
70.000	2.000	-52.734	-0.032
80.000	2.000	-52.734	-0.032
90.000	2.000	-52.734	-0.032
100.000	2.000	-35.156	-0.022
110.000	2.000	-35.156	-0.022
120.000	2.000	-35.156	-0.022
130.000	2.000	-27.344	-0.020
140.000	2.000	-27.344	-0.020
150.000	2.000	-27.344	-0.020
160.000	2.000	-58.594	-0.020
170.000	2.000	-58.594	-0.020
180.000	2.000	-58.594	-0.020
190.000	2.000	-31.250	-0.003
200.000	2.000	-31.250	-0.003
210.000	2.000	-31.250	-0.003
220.000	2.000	-19.531	-0.019
230.000	2.000	-19.531	-0.019
240.000	2.000	-19.531	-0.019
250.000	2.000	13.672	-0.040
260.000	2.000	13.672	-0.040
270.000	2.000	13.672	-0.040
280.000	2.000	-48.828	-0.012
290.000	2.000	-48.828	-0.012
300.000	2.000	-48.828	-0.012
310.000	2.000	-25.391	-0.019
320.000	2.000	-25.391	-0.019
330.000	2.000	-25.391	-0.019
340.000	2.000	-13.672	-0.006
350.000	2.000	-13.672	-0.006
360.000	2.000	-13.672	-0.006
370.000	2.000	-13.672	-0.010
380.000	2.000	-13.672	-0.010
390.000	2.000	-13.672	-0.010
400.000	2.000	-3.906	-0.013
410.000	2.000	-3.906	-0.013
420.000	2.000	-3.906	-0.013
430.000	2.000	-31.250	-0.016
440.000	2.000	-31.250	-0.016
450.000	2.000	-31.250	-0.016
460.000	2.000	5.859	-0.017
470.000	2.000	5.859	-0.017
480.000	2.000	5.859	-0.017
490.000	2.000	-31.250	-0.012
500.000	2.000	-31.250	-0.012
510.000	2.000	-31.250	-0.012
520.000	2.000	-25.391	-0.028
530.000	2.000	-25.391	-0.028
540.000	2.000	-25.391	-0.028
550.000	2.000	-56.641	-0.011
560.000	2.000	-56.641	-0.011
570.000	2.000	-56.641	-0.011
580.000	2.000	-3.906	-0.030
590.000	2.000	-3.906	-0.030
600.000	2.000	-3.906	-0.030
610.000	2.000	-21.484	-0.021
620.000	2.000	-21.484	-0.021
630.000	2.000	-21.484	-0.021
640.000	2.000	-13.672	-0.036
650.000	2.000	-13.672	-0.036
660.000	2.000	-13.672	-0.036
670.000	2.000	-13.672	-0.021
680.000	2.000	-13.672	-0.021
690.000	2.000	-13.672	-0.021
700.000	2.000	-19.531	-0.024
710.000	2.000	-19.531	-0.024
720.000	2.000	-19.531	-0.024
730.000	2.000	-7.812	-0.025
740.000	2.000	-7.812	-0.025
750.000	2.000	-7.812	-0.025
760.000	2.000	-33.203	-0.024
770.000	2.000	-33.203	-0.024
780.000	2.000	-33.203	-0.024
790.000	2.000	-35.156	-0.013
800.000	2.000	-35.156	-0.013
810.000	2.000	-35.156	-0.013
820.000	2.000	-46.875	-0.025
830.000	2.000	-46.875	-0.025
840.000	2.000	-46.875	-0.025
850.000	2.000	-9.766	-0.026
860.000	2.000	-9.766	-0.026
870.000	2.000	-9.766	-0.026
880.000	2.000	-17.578	-0.013
890.000	2.000	-17.578	-0.013
900.000	2.000	-17.578	-0.013
910.000	2.000	-39.062	-0.019
920.000	2.000	-39.062	-0.019
930.000	2.000	-39.062	-0.019
940.000	2.000	-29.297	-0.020
950.000	2.000	-29.297	-0.020
960.000	2.000	-29.297	-0.020
970.000	2.000	-27.344	-0.013
980.000	2.000	-27.344	-0.013
990.000	2.000	-27.344	-0.013
1000.000	2.000	-17.578	-0.017
1010.000	2.000	-17.578	-0.017
1020.000	2.000	-17.578	-0.017
1030.000	2.000	11.719	-0.019
1040.000	2.000	11.719	-0.019
1050.000	2.000	11.719	-0.019
1060.000	2.000	-11.719	-0.001
1070.000	2.000	-11.719	-0.001
1080.000	2.000	-11.719	-0.001
1090.000	2.000	-29.297	-0.007
1100.000	2.000	-29.297	-0.007
1110.000	2.000	-29.297	-0.007
1120.000	2.000	-21.484	0.008
1130.000	2.000	-21.484	0.008
1140.000	2.000	-21.484	0.008
1150.000	2.000	-41.016	0.033
1160.000	2.000	-41.016	0.033
1170.000	2.000	-41.016	0.033
1180.000	2.000	-11.719	0.014
1190.000	2.000	-11.719	0.014
1200.000	2.000	-11.719	0.014
1210.000	2.000	-23.437	0.035
1220.000	2.000	-23.437	0.035
1230.000	2.000	-23.437	0.035
1240.000	2.000	-17.578	0.036
1250.000	2.000	-17.578	0.036
1260.000	2.000	-17.578	0.036
1270.000	2.000	1.953	0.039
1280.000	2.000	1.953	0.039
1290.000	2.000	1.953	0.039
1300.000	2.000	-25.391	0.036
1310.000	2.000	-25.391	0.036
1320.000	2.000	-25.391	0.036
1330.000	2.000	-31.250	0.026
1340.000	2.000	-31.250	0.026
1350.000	2.000	-31.250	0.026
1360.000	2.000	-7.812	0.028
1370.000	2.000	-7.812	0.028
1380.000	2.000	-7.812	0.028
1390.000	2.000	-17.578	0.047
1400.000	2.000	-17.578	0.047
1410.000	2.000	-17.578	0.047
1420.000	2.000	-29.297	0.054
1430.000	2.000	-29.297	0.054
1440.000	2.000	-29.297	0.054
1450.000	2.000	-3.906	0.035
1460.000	2.000	-3.906	0.035
1470.000	2.000	-3.906	0.035
1480.000	2.000	-33.203	0.021
1490.000	2.000	-33.203	0.021
1500.000	2.000	-33.203	0.021
1510.000	2.000	3.906	0.024
1520.000	2.000	3.906	0.024
1530.000	2.000	3.906	0.024
1540.000	2.000	0.000	0.046
1550.000	2.000	0.000	0.046
1560.000	2.000	0.000	0.046
1570.000	2.000	-25.391	0.045
1580.000	2.000	-25.391	0.045
1590.000	2.000	-25.391	0.045
1600.000	2.000	-41.016	0.011
1610.000	2.000	-41.016	0.011
1620.000	2.000	-41.016	0.011
1630.000	2.000	1.953	0.036
1640.000	2.000	1.953	0.036
1650.000	2.000	1.953	0.036
1660.000	2.000	-9.766	0.027
1670.000	2.000	-9.766	0.027
1680.000	2.000	-9.766	0.027
1690.000	2.000	-52.734	0.043
1700.000	2.000	-52.734	0.043
1710.000	2.000	-52.734	0.043
1720.000	2.000	-31.250	0.030
1730.000	2.000	-31.250	0.030
1740.000	2.000	-31.250	0.030
1750.000	2.000	-3.906	0.028
1760.000	2.000	-3.906	0.028
1770.000	2.000	-3.906	0.028
1780.000	2.000	-1.953	0.045
1790.000	2.000	-1.953	0.045
1800.000	2.000	-1.953	0.045
1810.000	2.000	-11.719	0.022
1820.000	2.000	-11.719	0.022
1830.000	2.000	-11.719	0.022
1840.000	2.000	-11.719	0.015
1850.000	2.000	-11.719	0.015
1860.000	2.000	-11.719	0.015
1870.000	2.000	7.812	0.035
1880.000	2.000	7.812	0.035
1890.000	2.000	7.812	0.035
1900.000	2.000	-21.484	0.025
1910.000	2.000	-21.484	0.025
1920.000	2.000	-21.484	0.025
1930.000	2.000	-54.687	0.035
1940.000	2.000	-54.687	0.035
1950.000	2.000	-54.687	0.035
1960.000	2.000	-33.203	0.047
1970.000	2.000	-33.203	0.047
1980.000	2.000	-33.203	0.047
1990.000	2.000	-25.391	0.031
2000.000	2.000	-25.391	0.031
2010.000	2.000	-25.391	0.031
2020.000	2.000	-5.859	0.033
2030.000	2.000	-5.859	0.033
2040.000	2.000	-5.859	0.033
2050.000	2.000	-17.578	0.040
2060.000	2.000	-17.578	0.040
2070.000	2.000	-17.578	0.040
2080.000	2.000	-7.812	0.011
2090.000	2.000	-7.812	0.011
2100.000	2.000	-7.812	0.011
2110.000	2.000	-25.391	0.048
2120.000	2.000	-25.391	0.048
2130.000	2.000	-25.391	0.048
2140.000	2.000	-3.906	0.039
2150.000	2.000	-3.906	0.039
2160.000	2.000	-3.906	0.039
2170.000	2.000	-35.156	0.045
2180.000	2.000	-35.156	0.045
2190.000	2.000	-35.156	0.045
2200.000	2.000	-41.016	0.027
2210.000	2.000	-41.016	0.027
2220.000	2.000	-41.016	0.027
2230.000	2.000	-41.016	0.029
2240.000	2.000	-41.016	0.029
2250.000	2.000	-41.016	0.029
2260.000	2.000	-39.062	0.036
2270.000	2.000	-39.062	0.036
2280.000	2.000	-39.062	0.036
2290.000	2.000	3.906	0.041
2300.000	2.000	3.906	0.041
2310.000	2.000	3.906	0.041
2320.000	2.000	-9.766	0.034
2330.000	2.000	-9.766	0.034
2340.000	2.000	-9.766	0.034
2350.000	2.000	-13.672	0.019
2360.000	2.000	-13.672	0.019
2370.000	2.000	-13.672	0.019
2380.000	2.000	0.000	0.039
2390.000	2.000	0.000	0.039
2400.000	2.000	0.000	0.039
2410.000	2.000	-5.859	0.037
2420.000	2.000	-5.859	0.037
2430.000	2.000	-5.859	0.037
2440.000	2.000	1.953	0.053
2450.000	2.000	1.953	0.053
2460.000	2.000	1.953	0.053
2470.000	2.000	-11.719	0.037
2480.000	2.000	-11.719	0.037
2490.000	2.000	-11.719	0.037
2500.000	2.000	-35.156	0.029
2510.000	2.000	-35.156	0.029
2520.000	2.000	-35.156	0.029
2530.000	2.000	-15.625	0.025
2540.000	2.000	-15.625	0.025
2550.000	2.000	-15.625	0.025
2560.000	2.000	-54.687	0.027
2570.000	2.000	-54.687	0.027
2580.000	2.000	-54.687	0.027
2590.000	2.000	-9.766	0.032
2600.000	2.000	-9.766	0.032
2610.000	2.000	-9.766	0.032
2620.000	2.000	-13.672	0.040
2630.000	2.000	-13.672	0.040
2640.000	2.000	-13.672	0.040
2650.000	2.000	0.000	0.048
2660.000	2.000	0.000	0.048
2670.000	2.000	0.000	0.048
2680.000	2.000	-31.250	0.044
2690.000	2.000	-31.250	0.044
2700.000	2.000	-31.250	0.044
2710.000	2.000	-13.672	0.014
2720.000	2.000	-13.672	0.014
2730.000	2.000	-13.672	0.014
2740.000	2.000	-33.203	0.042
2750.000	2.000	-33.203	0.042
2760.000	2.000	-33.203	0.042
2770.000	2.000	-5.859	0.045
2780.000	2.000	-5.859	0.045
2790.000	2.000	-5.859	0.045
2800.000	2.000	-33.203	0.035
2810.000	2.000	-33.203	0.035
2820.000	2.000	-33.203	0.035
2830.000	2.000	-7.812	0.044
2840.000	2.000	-7.812	0.044
2850.000	2.000	-7.812	0.044
2860.000	2.000	-46.875	0.039
2870.000	2.000	-46.875	0.039
2880.000	2.000	-46.875	0.039
2890.000	2.000	-35.156	0.025
2900.000	2.000	-35.156	0.025
2910.000	2.000	-35.156	0.025
2920.000	2.000	-11.719	0.035
2930.000	2.000	-11.719	0.035
2940.000	2.000	-11.719	0.035
2950.000	2.000	-3.906	0.032
2960.000	2.000	-3.906	0.032
2970.000	2.000	-3.906	0.032
2980.000	2.000	-17.578	0.022
2990.000	2.000	-17.578	0.022
3000.000	2.000	-17.578	0.022
3010.000	2.000	-9.766	0.025
3020.000	2.000	-9.766	0.025
3030.000	2.000	-9.766	0.025
3040.000	2.000	3.906	0.039
3050.000	2.000	3.906	0.039
3060.000	2.000	3.906	0.039
3070.000	2.000	-46.875	0.027
3080.000	2.000	-46.875	0.027
3090.000	2.000	-46.875	0.027
3100.000	2.000	-33.203	0.051
3110.000	2.000	-33.203	0.051
3120.000	2.000	-33.203	0.051
3130.000	2.000	-15.625	0.038
3140.000	2.000	-15.625	0.038
3150.000	2.000	-15.625	0.038
3160.000	2.000	-54.687	0.035
3170.000	2.000	-54.687	0.035
3180.000	2.000	-54.687	0.035
3190.000	2.000	-31.250	0.035
3200.000	2.000	-31.250	0.035
3210.000	2.000	-31.250	0.035
3220.000	2.000	-15.625	0.038
3230.000	2.000	-15.625	0.038
3240.000	2.000	-15.625	0.038
3250.000	2.000	-19.531	0.050
3260.000	2.000	-19.531	0.050
3270.000	2.000	-19.531	0.050
3280.000	2.000	-44.922	0.045
3290.000	2.000	-44.922	0.045
3300.000	2.000	-44.922	0.045
3310.000	2.000	-1.953	0.048
3320.000	2.000	-1.953	0.048
3330.000	2.000	-1.953	0.048
3340.000	2.000	-42.969	0.047
3350.000	2.000	-42.969	0.047
3360.000	2.000	-42.969	0.047
3370.000	2.000	-52.734	0.037
3380.000	2.000	-52.734	0.037
3390.000	2.000	-52.734	0.037
3400.000	2.000	-35.156	0.017
3410.000	2.000	-35.156	0.017
3420.000	2.000	-35.156	0.017
3430.000	2.000	5.859	0.035
3440.000	2.000	5.859	0.035
3450.000	2.000	5.859	0.035
3460.000	2.000	-42.969	0.034
3470.000	2.000	-42.969	0.034
3480.000	2.000	-42.969	0.034
3490.000	2.000	-29.297	0.043
3500.000	2.000	-29.297	0.043
3510.000	2.000	-29.297	0.043
3520.000	2.000	-29.297	0.025
3530.000	2.000	-29.297	0.025
3540.000	2.000	-29.297	0.025
3550.000	2.000	-5.859	0.043
3560.000	2.000	-5.859	0.043
3570.000	2.000	-5.859	0.043
3580.000	2.000	-42.969	0.027
3590.000	2.000	-42.969	0.027
3600.000	2.000	-42.969	0.027
3610.000	2.000	-3.906	0.041
3620.000	2.000	-3.906	0.041
3630.000	2.000	-3.906	0.041
3640.000	2.000	-23.437	0.054
3650.000	2.000	-23.437	0.054
3660.000	2.000	-23.437	0.054
3670.000	2.000	-5.859	0.054
3680.000	2.000	-5.859	0.054
3690.000	2.000	-5.859	0.054
3700.000	2.000	9.766	0.032
3710.000	2.000	9.766	0.032
3720.000	2.000	9.766	0.032
3730.000	2.000	7.812	0.032
3740.000	2.000	7.812	0.032
3750.000	2.000	7.812	0.032
3760.000	2.000	-17.578	0.048
3770.000	2.000	-17.578	0.048
3780.000	2.000	-17.578	0.048
3790.000	2.000	-23.437	0.030
3800.000	2.000	-23.437	0.030
3810.000	2.000	-23.437	0.030
3820.000	2.000	-11.719	0.023
3830.000	2.000	-11.719	0.023
3840.000	2.000	-11.719	0.023
3850.000	2.000	-17.578	0.036
3860.000	2.000	-17.578	0.036
3870.000	2.000	-17.578	0.036
3880.000	2.000	-27.344	0.043
3890.000	2.000	-27.344	0.043
3900.000	2.000	-27.344	0.043
3910.000	2.000	-39.062	0.021
3920.000	2.000	-39.062	0.021
3930.000	2.000	-39.062	0.021
3940.000	2.000	0.000	0.038
3950.000	2.000	0.000	0.038
3960.000	2.000	0.000	0.038
3970.000	2.000	0.000	0.045
3980.000	2.000	0.000	0.045
3990.000	2.000	0.000	0.045
4000.000	2.000	-21.484	0.027
4010.000	2.000	-21.484	0.027
4020.000	2.000	-21.484	0.027
4030.000	2.000	-31.250	0.042
4040.000	2.000	-31.250	0.042
4050.000	2.000	-31.250	0.042
4060.000	2.000	-25.391	0.049
4070.000	2.000	-25.391	0.049
4080.000	2.000	-25.391	0.049
4090.000	2.000	-48.828	0.035
4100.000	2.000	-48.828	0.035
4110.000	2.000	-48.828	0.035
4120.000	2.000	-9.766	0.055
4130.000	2.000	-9.766	0.055
4140.000	2.000	-9.766	0.055
4150.000	2.000	-15.625	0.014
4160.000	2.000	-15.625	0.014
4170.000	2.000	-15.625	0.014
4180.000	2.000	-21.484	0.022
4190.000	2.000	-21.484	0.022
4200.000	2.000	-21.484	0.022
4210.000	2.000	-15.625	0.024
4220.000	2.000	-15.625	0.024
4230.000	2.000	-15.625	0.024
4240.000	2.000	-15.625	0.015
4250.000	2.000	-15.625	0.015
4260.000	2.000	-15.625	0.015
4270.000	2.000	-17.578	0.021
4280.000	2.000	-17.578	0.021
4290.000	2.000	-17.578	0.021
4300.000	2.000	-29.297	0.040
4310.000	2.000	-29.297	0.040
4320.000	2.000	-29.297	0.040
4330.000	2.000	9.766	0.027
4340.000	2.000	9.766	0.027
4350.000	2.000	9.766	0.027
4360.000	2.000	-46.875	0.042
4370.000	2.000	-46.875	0.042
4380.000	2.000	-46.875	0.042
4390.000	2.000	-25.391	0.029
4400.000	2.000	-25.391	0.029
4410.000	2.000	-25.391	0.029
4420.000	2.000	-37.109	0.037
4430.000	2.000	-37.109	0.037
4440.000	2.000	-37.109	0.037
4450.000	2.000	-42.969	0.039
4460.000	2.000	-42.969	0.039
4470.000	2.000	-42.969	0.039
4480.000	2.000	-23.437	0.042
4490.000	2.000	-23.437	0.042
4500.000	2.000	-23.437	0.042
4510.000	2.000	-37.109	0.019
4520.000	2.000	-37.109	0.019
4530.000	2.000	-37.109	0.019
4540.000	2.000	-5.859	0.037
4550.000	2.000	-5.859	0.037
4560.000	2.000	-5.859	0.037
4570.000	2.000	-31.250	0.036
4580.000	2.000	-31.250	0.036
4590.000	2.000	-31.250	0.036
4600.000	2.000	-5.859	0.019
4610.000	2.000	-5.859	0.019
4620.000	2.000	-5.859	0.019
4630.000	2.000	-39.062	0.042
4640.000	2.000	-39.062	0.042
4650.000	2.000	-39.062	0.042
4660.000	2.000	-27.344	0.015
4670.000	2.000	-27.344	0.015
4680.000	2.000	-27.344	0.015
4690.000	2.000	0.000	0.028
4700.000	2.000	0.000	0.028
4710.000	2.000	0.000	0.028
4720.000	2.000	-37.109	0.030
4730.000	2.000	-37.109	0.030
4740.000	2.000	-37.109	0.030
4750.000	2.000	-1.953	0.034
4760.000	2.000	-1.953	0.034
4770.000	2.000	-1.953	0.034
4780.000	2.000	9.766	0.038
4790.000	2.000	9.766	0.038
4800.000	2.000	9.766	0.038
4810.000	2.000	-13.672	0.043
4820.000	2.000	-13.672	0.043
4830.000	2.000	-13.672	0.043
4840.000	2.000	-3.906	0.031
4850.000	2.000	-3.906	0.031
4860.000	2.000	-3.906	0.031
4870.000	2.000	-15.625	0.042
4880.000	2.000	-15.625	0.042
4890.000	2.000	-15.625	0.042
4900.000	2.000	3.906	0.032
4910.000	2.000	3.906	0.032
4920.000	2.000	3.906	0.032
4930.000	2.000	-27.344	0.022
4940.000	2.000	-27.344	0.022
4950.000	2.000	-27.344	0.022
4960.000	2.000	-48.828	0.025
4970.000	2.000	-48.828	0.025
4980.000	2.000	-48.828	0.025
4990.000	2.000	5.859	0.022
5000.000	2.000	5.859	0.022
5010.000	2.000	5.859	0.022
5020.000	2.000	-35.156	0.037
5030.000	2.000	-35.156	0.037
5040.000	2.000	-35.156	0.037
5050.000	2.000	-19.531	0.038
5060.000	2.000	-19.531	0.038
5070.000	2.000	-19.531	0.038
5080.000	2.000	-23.437	0.052
5090.000	2.000	-23.437	0.052
5100.000	2.000	-23.437	0.052
5110.000	2.000	-29.297	0.016
5120.000	2.000	-29.297	0.016
5130.000	2.000	-29.297	0.016
5140.000	2.000	-23.437	0.029
5150.000	2.000	-23.437	0.029
5160.000	2.000	-23.437	0.029
5170.000	2.000	-13.672	0.023
5180.000	2.000	-13.672	0.023
5190.000	2.000	-13.672	0.023
5200.000	2.000	-13.672	0.040
5210.000	2.000	-13.672	0.040
5220.000	2.000	-13.672	0.040
5230.000	2.000	-48.828	0.040
5240.000	2.000	-48.828	0.040
5250.000	2.000	-48.828	0.040
5260.000	2.000	-21.484	0.040
5270.000	2.000	-21.484	0.040
5280.000	2.000	-21.484	0.040
5290.000	2.000	-37.109	0.027
5300.000	2.000	-37.109	0.027
5310.000	2.000	-37.109	0.027
5320.000	2.000	-3.906	0.043
5330.000	2.000	-3.906	0.043
5340.000	2.000	-3.906	0.043
5350.000	2.000	-23.437	0.034
5360.000	2.000	-23.437	0.034
5370.000	2.000	-23.437	0.034
5380.000	2.000	-9.766	0.029
5390.000	2.000	-9.766	0.029
5400.000	2.000	-9.766	0.029
5410.000	2.000	-1.953	0.035
5420.000	2.000	-1.953	0.035
5430.000	2.000	-1.953	0.035
5440.000	2.000	-31.250	0.037
5450.000	2.000	-31.250	0.037
5460.000	2.000	-31.250	0.037
5470.000	2.000	-21.484	0.026
5480.000	2.000	-21.484	0.026
5490.000	2.000	-21.484	0.026
5500.000	2.000	-27.344	0.038
5510.000	2.000	-27.344	0.038
5520.000	2.000	-27.344	0.038
5530.000	2.000	0.000	0.046
5540.000	2.000	0.000	0.046
5550.000	2.000	0.000	0.046
5560.000	2.000	-11.719	0.029
5570.000	2.000	-11.719	0.029
5580.000	2.000	-11.719	0.029
5590.000	2.000	-17.578	0.039
5600.000	2.000	-17.578	0.039
5610.000	2.000	-17.578	0.039
5620.000	2.000	-7.812	0.031
5630.000	2.000	-7.812	0.031
5640.000	2.000	-7.812	0.031
5650.000	2.000	-1.953	0.035
5660.000	2.000	-1.953	0.035
5670.000	2.000	-1.953	0.035
5680.000	2.000	-25.391	0.021
5690.000	2.000	-25.391	0.021
5700.000	2.000	-25.391	0.021
5710.000	2.000	-37.109	0.050
5720.000	2.000	-37.109	0.050
5730.000	2.000	-37.109	0.050
5740.000	2.000	-50.781	0.024
5750.000	2.000	-50.781	0.024
5760.000	2.000	-50.781	0.024
5770.000	2.000	-5.859	0.025
5780.000	2.000	-5.859	0.025
5790.000	2.000	-5.859	0.025
5800.000	2.000	-5.859	0.047
5810.000	2.000	-5.859	0.047
5820.000	2.000	-5.859	0.047
5830.000	2.000	-23.437	0.021
5840.000	2.000	-23.437	0.021
5850.000	2.000	-23.437	0.021
5860.000	2.000	-37.109	0.023
5870.000	2.000	-37.109	0.023
5880.000	2.000	-37.109	0.023
5890.000	2.000	1.953	0.030
5900.000	2.000	1.953	0.030
5910.000	2.000	1.953	0.030
5920.000	2.000	-35.156	0.032
5930.000	2.000	-35.156	0.032
5940.000	2.000	-35.156	0.032
5950.000	2.000	-29.297	0.029
5960.000	2.000	-29.297	0.029
5970.000	2.000	-29.297	0.029
5980.000	2.000	-41.016	0.051
5990.000	2.000	-41.016	0.051
6000.000	2.000	-41.016	0.051
6010.000	2.000	-9.766	0.041
6020.000	2.000	-9.766	0.041
6030.000	2.000	-9.766	0.041
6040.000	2.000	-25.391	0.038
6050.000	2.000	-25.391	0.038
6060.000	2.000	-25.391	0.038
6070.000	2.000	-19.531	0.023
6080.000	2.000	-19.531	0.023
6090.000	2.000	-19.531	0.023
6100.000	2.000	-1.953	0.001
6110.000	2.000	-1.953	0.001
6120.000	2.000	-1.953	0.001
6130.000	2.000	-31.250	0.000
6140.000	2.000	-31.250	0.000
6150.000	2.000	-31.250	0.000
6160.000	2.000	-29.297	-0.009
6170.000	2.000	-29.297	-0.009
6180.000	2.000	-29.297	-0.009
6190.000	2.000	-35.156	-0.025
6200.000	2.000	-35.156	-0.025
6210.000	2.000	-35.156	-0.025
6220.000	2.000	0.000	-0.022
6230.000	2.000	0.000	-0.022
6240.000	2.000	0.000	-0.022
6250.000	2.000	-1.953	-0.025
6260.000	2.000	-1.953	-0.025
6270.000	2.000	-1.953	-0.025
6280.000	2.000	-23.437	-0.035
6290.000	2.000	-23.437	-0.035
6300.000	2.000	-23.437	-0.035
6310.000	2.000	-23.437	-0.033
6320.000	2.000	-23.437	-0.033
6330.000	2.000	-23.437	-0.033
6340.000	2.000	-3.906	-0.010
6350.000	2.000	-3.906	-0.010
6360.000	2.000	-3.906	-0.010
6370.000	2.000	3.906	-0.032
6380.000	2.000	3.906	-0.032
6390.000	2.000	3.906	-0.032
6400.000	2.000	-13.672	-0.018
6410.000	2.000	-13.672	-0.018
6420.000	2.000	-13.672	-0.018
6430.000	2.000	-7.812	-0.027
6440.000	2.000	-7.812	-0.027
6450.000	2.000	-7.812	-0.027
6460.000	2.000	-25.391	-0.021
6470.000	2.000	-25.391	-0.021
6480.000	2.000	-25.391	-0.021
6490.000	2.000	-13.672	-0.018
6500.000	2.000	-13.672	-0.018
6510.000	2.000	-13.672	-0.018
6520.000	2.000	-17.578	-0.032
6530.000	2.000	-17.578	-0.032
6540.000	2.000	-17.578	-0.032
6550.000	2.000	-3.906	-0.008
6560.000	2.000	-3.906	-0.008
6570.000	2.000	-3.906	-0.008
6580.000	2.000	-44.922	-0.021
6590.000	2.000	-44.922	-0.021
6600.000	2.000	-44.922	-0.021
6610.000	2.000	-35.156	-0.044
6620.000	2.000	-35.156	-0.044
6630.000	2.000	-35.156	-0.044
6640.000	2.000	7.812	-0.032
6650.000	2.000	7.812	-0.032
6660.000	2.000	7.812	-0.032
6670.000	2.000	-19.531	-0.026
6680.000	2.000	-19.531	-0.026
6690.000	2.000	-19.531	-0.026
6700.000	2.000	-44.922	-0.006
6710.000	2.000	-44.922	-0.006
6720.000	2.000	-44.922	-0.006
6730.000	2.000	-9.766	-0.041
6740.000	2.000	-9.766	-0.041
6750.000	2.000	-9.766	-0.041
6760.000	2.000	3.906	-0.020
6770.000	2.000	3.906	-0.020
6780.000	2.000	3.906	-0.020
6790.000	2.000	-52.734	-0.024
6800.000	2.000	-52.734	-0.024
6810.000	2.000	-52.734	-0.024
6820.000	2.000	-41.016	-0.014
6830.000	2.000	-41.016	-0.014
6840.000	2.000	-41.016	-0.014
6850.000	2.000	-9.766	-0.011
6860.000	2.000	-9.766	-0.011
6870.000	2.000	-9.766	-0.011
6880.000	2.000	-41.016	-0.030
6890.000	2.000	-41.016	-0.030
6900.000	2.000	-41.016	-0.030
6910.000	2.000	-29.297	-0.007
6920.000	2.000	-29.297	-0.007
6930.000	2.000	-29.297	-0.007
6940.000	2.000	-29.297	-0.041
6950.000	2.000	-29.297	-0.041
6960.000	2.000	-29.297	-0.041
6970.000	2.000	-23.437	-0.021
6980.000	2.000	-23.437	-0.021
6990.000	2.000	-23.437	-0.021
7000.000	2.000	-41.016	-0.014
7010.000	2.000	-41.016	-0.014
7020.000	2.000	-41.016	-0.014
20.000	2.000	-50.781	-0.027
30.000	2.000	-50.781	-0.027
40.000	2.000	-15.625	-0.022
50.000	2.000	-15.625	-0.022
60.000	2.000	-15.625	-0.022
70.000	2.000	-33.203	-0.022
80.000	2.000	-33.203	-0.022
90.000	2.000	-33.203	-0.022
100.000	2.000	-39.062	-0.015
110.000	2.000	-39.062	-0.015
120.000	2.000	-39.062	-0.015
130.000	2.000	-50.781	-0.024
140.000	2.000	-50.781	-0.024
150.000	2.000	-50.781	-0.024
160.000	2.000	-25.391	-0.033
170.000	2.000	-25.391	-0.033
180.000	2.000	-25.391	-0.033
190.000	2.000	-19.531	-0.017
200.000	2.000	-19.531	-0.017
210.000	2.000	-19.531	-0.017
220.000	2.000	-11.719	-0.011
230.000	2.000	-11.719	-0.011
240.000	2.000	-11.719	-0.011
250.000	2.000	-19.531	-0.026
260.000	2.000	-19.531	-0.026
270.000	2.000	-19.531	-0.026
280.000	2.000	-29.297	-0.014
290.000	2.000	-29.297	-0.014
300.000	2.000	-29.297	-0.014
310.000	2.000	1.953	-0.021
320.000	2.000	1.953	-0.021
330.000	2.000	1.953	-0.021
340.000	2.000	-27.344	-0.021
350.000	2.000	-27.344	-0.021
360.000	2.000	-27.344	-0.021
370.000	2.000	-13.672	-0.021
380.000	2.000	-13.672	-0.021
390.000	2.000	-13.672	-0.021
400.000	2.000	-44.922	-0.019
410.000	2.000	-44.922	-0.019
420.000	2.000	-44.922	-0.019
430.000	2.000	-31.250	-0.012
440.000	2.000	-31.250	-0.012
450.000	2.000	-31.250	-0.012
460.000	2.000	-5.859	-0.031
470.000	2.000	-5.859	-0.031
480.000	2.000	-5.859	-0.031
490.000	2.000	-25.391	-0.008
500.000	2.000	-25.391	-0.008
510.000	2.000	-25.391	-0.008
520.000	2.000	-21.484	-0.028
530.000	2.000	-21.484	-0.028
540.000	2.000	-21.484	-0.028
550.000	2.000	-13.672	-0.027
560.000	2.000	-13.672	-0.027
570.000	2.000	-13.672	-0.027
580.000	2.000	-19.531	-0.034
590.000	2.000	-19.531	-0.034
600.000	2.000	-19.531	-0.034
610.000	2.000	7.812	-0.034
620.000	2.000	7.812	-0.034
630.000	2.000	7.812	-0.034
640.000	2.000	-25.391	-0.039
650.000	2.000	-25.391	-0.039
660.000	2.000	-25.391	-0.039
670.000	2.000	-7.812	-0.024
680.000	2.000	-7.812	-0.024
690.000	2.000	-7.812	-0.024
700.000	2.000	-9.766	-0.030
710.000	2.000	-9.766	-0.030
720.000	2.000	-9.766	-0.030
730.000	2.000	0.000	-0.014
740.000	2.000	0.000	-0.014
750.000	2.000	0.000	-0.014
760.000	2.000	-5.859	-0.010
770.000	2.000	-5.859	-0.010
780.000	2.000	-5.859	-0.010
790.000	2.000	-41.016	-0.023
800.000	2.000	-41.016	-0.023
810.000	2.000	-41.016	-0.023
820.000	2.000	-23.437	-0.012
830.000	2.000	-23.437	-0.012
840.000	2.000	-23.437	-0.012
850.000	2.000	-37.109	-0.030
860.000	2.000	-37.109	-0.030
870.000	2.000	-37.109	-0.030
880.000	2.000	-54.687	-0.025
890.000	2.000	-54.687	-0.025
900.000	2.000	-54.687	-0.025
910.000	2.000	-15.625	-0.012
920.000	2.000	-15.625	-0.012
930.000	2.000	-15.625	-0.012
940.000	2.000	-23.437	-0.019
950.000	2.000	-23.437	-0.019
960.000	2.000	-23.437	-0.019
970.000	2.000	-44.922	-0.013
980.000	2.000	-44.922	-0.013
990.000	2.000	-44.922	-0.013
1000.000	2.000	-62.500	-0.022
1010.000	2.000	-62.500	-0.022
1020.000	2.000	-62.500	-0.022
1030.000	2.000	-5.859	-0.021
1040.000	2.000	-5.859	-0.021
1050.000	2.000	-5.859	-0.021
1060.000	2.000	-31.250	-0.013
1070.000	2.000	-31.250	-0.013
1080.000	2.000	-31.250	-0.013
1090.000	2.000	-31.250	-0.027
1100.000	2.000	-31.250	-0.027
1110.000	2.000	-31.250	-0.027
1120.000	2.000	-25.391	0.011
1130.000	2.000	-25.391	0.011
1140.000	2.000	-25.391	0.011
1150.000	2.000	-3.906	0.043
1160.000	2.000	-3.906	0.043
1170.000	2.000	-3.906	0.043
1180.000	2.000	7.812	0.038
1190.000	2.000	7.812	0.038
1200.000	2.000	7.812	0.038
1210.000	2.000	-21.484	0.036
1220.000	2.000	-21.484	0.036
1230.000	2.000	-21.484	0.036
1240.000	2.000	-11.719	0.021
1250.000	2.000	-11.719	0.021
1260.000	2.000	-11.719	0.021
1270.000	2.000	-46.875	0.039
1280.000	2.000	-46.875	0.039
1290.000	2.000	-46.875	0.039
1300.000	2.000	-11.719	0.044
1310.000	2.000	-11.719	0.044
1320.000	2.000	-11.719	0.044
1330.000	2.000	-15.625	0.024
1340.000	2.000	-15.625	0.024
1350.000	2.000	-15.625	0.024
1360.000	2.000	-21.484	0.029
1370.000	2.000	-21.484	0.029
1380.000	2.000	-21.484	0.029
1390.000	2.000	-11.719	0.021
1400.000	2.000	-11.719	0.021
1410.000	2.000	-11.719	0.021
1420.000	2.000	-23.437	0.049
1430.000	2.000	-23.437	0.049
1440.000	2.000	-23.437	0.049
1450.000	2.000	0.000	0.045
1460.000	2.000	0.000	0.045
1470.000	2.000	0.000	0.045
1480.000	2.000	-58.594	0.045
1490.000	2.000	-58.594	0.045
1500.000	2.000	-58.594	0.045
1510.000	2.000	-17.578	0.041
1520.000	2.000	-17.578	0.041
1530.000	2.000	-17.578	0.041
1540.000	2.000	-39.062	0.037
1550.000	2.000	-39.062	0.037
1560.000	2.000	-39.062	0.037
1570.000	2.000	3.906	0.037
1580.000	2.000	3.906	0.037
1590.000	2.000	3.906	0.037
1600.000	2.000	-1.953	0.019
1610.000	2.000	-1.953	0.019
1620.000	2.000	-1.953	0.019
1630.000	2.000	1.953	0.030
1640.000	2.000	1.953	0.030
1650.000	2.000	1.953	0.030
1660.000	2.000	-41.016	0.039
1670.000	2.000	-41.016	0.039
1680.000	2.000	-41.016	0.039
1690.000	2.000	-11.719	0.052
1700.000	2.000	-11.719	0.052
1710.000	2.000	-11.719	0.052
1720.000	2.000	-11.719	0.049
1730.000	2.000	-11.719	0.049
1740.000	2.000	-11.719	0.049
1750.000	2.000	-29.297	0.047
1760.000	2.000	-29.297	0.047
1770.000	2.000	-29.297	0.047
1780.000	2.000	-7.812	0.040
1790.000	2.000	-7.812	0.040
1800.000	2.000	-7.812	0.040
1810.000	2.000	3.906	0.030
1820.000	2.000	3.906	0.030
1830.000	2.000	3.906	0.030
1840.000	2.000	-5.859	0.026
1850.000	2.000	-5.859	0.026
1860.000	2.000	-5.859	0.026
1870.000	2.000	-7.812	0.046
1880.000	2.000	-7.812	0.046
1890.000	2.000	-7.812	0.046
1900.000	2.000	-27.344	0.032
1910.000	2.000	-27.344	0.032
1920.000	2.000	-27.344	0.032
1930.000	2.000	-52.734	0.040
1940.000	2.000	-52.734	0.040
1950.000	2.000	-52.734	0.040
1960.000	2.000	-9.766	0.033
1970.000	2.000	-9.766	0.033
1980.000	2.000	-9.766	0.033
1990.000	2.000	0.000	0.042
2000.000	2.000	0.000	0.042
2010.000	2.000	0.000	0.042
2020.000	2.000	-29.297	0.046
2030.000	2.000	-29.297	0.046
2040.000	2.000	-29.297	0.046
2050.000	2.000	-25.391	0.044
2060.000	2.000	-25.391	0.044
2070.000	2.000	-25.391	0.044
2080.000	2.000	-9.766	0.040
2090.000	2.000	-9.766	0.040
2100.000	2.000	-9.766	0.040
2110.000	2.000	-7.812	0.044
2120.000	2.000	-7.812	0.044
2130.000	2.000	-7.812	0.044
2140.000	2.000	-21.484	0.024
2150.000	2.000	-21.484	0.024
2160.000	2.000	-21.484	0.024
2170.000	2.000	-17.578	0.011
2180.000	2.000	-17.578	0.011
2190.000	2.000	-17.578	0.011
2200.000	2.000	-35.156	0.029
2210.000	2.000	-35.156	0.029
2220.000	2.000	-35.156	0.029
2230.000	2.000	-7.812	0.045
2240.000	2.000	-7.812	0.045
2250.000	2.000	-7.812	0.045
2260.000	2.000	13.672	0.025
2270.000	2.000	13.672	0.025
2280.000	2.000	13.672	0.025
2290.000	2.000	-37.109	0.046
2300.000	2.000	-37.109	0.046
2310.000	2.000	-37.109	0.046
2320.000	2.000	-13.672	0.041
2330.000	2.000	-13.672	0.041
2340.000	2.000	-13.672	0.041
2350.000	2.000	-37.109	0.048
2360.000	2.000	-37.109	0.048
2370.000	2.000	-37.109	0.048
2380.000	2.000	1.953	0.038
2390.000	2.000	1.953	0.038
2400.000	2.000	1.953	0.038
2410.000	2.000	-5.859	0.043
2420.000	2.000	-5.859	0.043
2430.000	2.000	-5.859	0.043
2440.000	2.000	-33.203	0.051
2450.000	2.000	-33.203	0.051
2460.000	2.000	-33.203	0.051
2470.000	2.000	-33.203	0.055
2480.000	2.000	-33.203	0.055
2490.000	2.000	-33.203	0.055
2500.000	2.000	-23.437	0.017
2510.000	2.000	-23.437	0.017
2520.000	2.000	-23.437	0.017
2530.000	2.000	-17.578	0.039
2540.000	2.000	-17.578	0.039
2550.000	2.000	-17.578	0.039
2560.000	2.000	-23.437	0.039
2570.000	2.000	-23.437	0.039
2580.000	2.000	-23.437	0.039
2590.000	2.000	-31.250	0.034
2600.000	2.000	-31.250	0.034
2610.000	2.000	-31.250	0.034
2620.000	2.000	-5.859	0.047
2630.000	2.000	-5.859	0.047
2640.000	2.000	-5.859	0.047
2650.000	2.000	-15.625	0.043
2660.000	2.000	-15.625	0.043
2670.000	2.000	-15.625	0.043
2680.000	2.000	-42.969	0.036
2690.000	2.000	-42.969	0.036
2700.000	2.000	-42.969	0.036
2710.000	2.000	-17.578	0.045
2720.000	2.000	-17.578	0.045
2730.000	2.000	-17.578	0.045
2740.000	2.000	-25.391	0.026
2750.000	2.000	-25.391	0.026
2760.000	2.000	-25.391	0.026
2770.000	2.000	-29.297	0.030
2780.000	2.000	-29.297	0.030
2790.000	2.000	-29.297	0.030
2800.000	2.000	-11.719	0.013
2810.000	2.000	-11.719	0.013
2820.000	2.000	-11.719	0.013
2830.000	2.000	-23.437	0.036
2840.000	2.000	-23.437	0.036
2850.000	2.000	-23.437	0.036
2860.000	2.000	-58.594	0.042
2870.000	2.000	-58.594	0.042
2880.000	2.000	-58.594	0.042
2890.000	2.000	9.766	0.037
2900.000	2.000	9.766	0.037
2910.000	2.000	9.766	0.037
2920.000	2.000	-5.859	0.042
2930.000	2.000	-5.859	0.042
2940.000	2.000	-5.859	0.042
2950.000	2.000	-13.672	0.050
2960.000	2.000	-13.672	0.050
2970.000	2.000	-13.672	0.050
2980.000	2.000	-54.687	0.047
2990.000	2.000	-54.687	0.047
3000.000	2.000	-54.687	0.047
3010.000	2.000	-27.344	0.036
3020.000	2.000	-27.344	0.036
3030.000	2.000	-27.344	0.036
3040.000	2.000	-27.344	0.028
3050.000	2.000	-27.344	0.028
3060.000	2.000	-27.344	0.028
3070.000	2.000	-3.906	0.037
3080.000	2.000	-3.906	0.037
3090.000	2.000	-3.906	0.037
3100.000	2.000	-27.344	0.041
3110.000	2.000	-27.344	0.041
3120.000	2.000	-27.344	0.041
3130.000	2.000	3.906	0.035
3140.000	2.000	3.906	0.035
3150.000	2.000	3.906	0.035
3160.000	2.000	-21.484	0.036
3170.000	2.000	-21.484	0.036
3180.000	2.000	-21.484	0.036
3190.000	2.000	-31.250	0.042
3200.000	2.000	-31.250	0.042
3210.000	2.000	-31.250	0.042
3220.000	2.000	-15.625	0.048
3230.000	2.000	-15.625	0.048
3240.000	2.000	-15.625	0.048
3250.000	2.000	-27.344	0.018
3260.000	2.000	-27.344	0.018
3270.000	2.000	-27.344	0.018
3280.000	2.000	-1.953	0.023
3290.000	2.000	-1.953	0.023
3300.000	2.000	-1.953	0.023
3310.000	2.000	-17.578	0.032
3320.000	2.000	-17.578	0.032
3330.000	2.000	-17.578	0.032
3340.000	2.000	-17.578	0.027
3350.000	2.000	-17.578	0.027
3360.000	2.000	-17.578	0.027
3370.000	2.000	-19.531	0.044
3380.000	2.000	-19.531	0.044
3390.000	2.000	-19.531	0.044
3400.000	2.000	-1.953	0.043
3410.000	2.000	-1.953	0.043
3420.000	2.000	-1.953	0.043
3430.000	2.000	-5.859	0.031
3440.000	2.000	-5.859	0.031
3450.000	2.000	-5.859	0.031
3460.000	2.000	-19.531	0.038
3470.000	2.000	-19.531	0.038
3480.000	2.000	-19.531	0.038
3490.000	2.000	-1.953	0.049
3500.000	2.000	-1.953	0.049
3510.000	2.000	-1.953	0.049
3520.000	2.000	-1.953	0.014
3530.000	2.000	-1.953	0.014
3540.000	2.000	-1.953	0.014
3550.000	2.000	-11.719	0.042
3560.000	2.000	-11.719	0.042
3570.000	2.000	-11.719	0.042
3580.000	2.000	-9.766	0.039
3590.000	2.000	-9.766	0.039
3600.000	2.000	-9.766	0.039
3610.000	2.000	-37.109	0.021
3620.000	2.000	-37.109	0.021
3630.000	2.000	-37.109	0.021
3640.000	2.000	-33.203	0.025
3650.000	2.000	-33.203	0.025
3660.000	2.000	-33.203	0.025
3670.000	2.000	-7.812	0.023
3680.000	2.000	-7.812	0.023
3690.000	2.000	-7.812	0.023
3700.000	2.000	-27.344	0.047
3710.000	2.000	-27.344	0.047
3720.000	2.000	-27.344	0.047
3730.000	2.000	-50.781	0.043
3740.000	2.000	-50.781	0.043
3750.000	2.000	-50.781	0.043
3760.000	2.000	-15.625	0.041
3770.000	2.000	-15.625	0.041
3780.000	2.000	-15.625	0.041
3790.000	2.000	-33.203	0.039
3800.000	2.000	-33.203	0.039
3810.000	2.000	-33.203	0.039
3820.000	2.000	0.000	0.045
3830.000	2.000	0.000	0.045
3840.000	2.000	0.000	0.045
3850.000	2.000	-33.203	0.036
3860.000	2.000	-33.203	0.036
3870.000	2.000	-33.203	0.036
3880.000	2.000	-11.719	0.033
3890.000	2.000	-11.719	0.033
3900.000	2.000	-11.719	0.033
3910.000	2.000	5.859	0.027
3920.000	2.000	5.859	0.027
3930.000	2.000	5.859	0.027
3940.000	2.000	-31.250	0.028
3950.000	2.000	-31.250	0.028
3960.000	2.000	-31.250	0.028
3970.000	2.000	1.953	0.029
3980.000	2.000	1.953	0.029
3990.000	2.000	1.953	0.029
4000.000	2.000	13.672	0.041
4010.000	2.000	13.672	0.041
4020.000	2.000	13.672	0.041
4030.000	2.000	-33.203	0.031
4040.000	2.000	-33.203	0.031
4050.000	2.000	-33.203	0.031
4060.000	2.000	-25.391	0.041
4070.000	2.000	-25.391	0.041
4080.000	2.000	-25.391	0.041
4090.000	2.000	5.859	0.042
4100.000	2.000	5.859	0.042
4110.000	2.000	5.859	0.042
4120.000	2.000	-27.344	0.019
4130.000	2.000	-27.344	0.019
4140.000	2.000	-27.344	0.019
4150.000	2.000	-21.484	0.035
4160.000	2.000	-21.484	0.035
4170.000	2.000	-21.484	0.035
4180.000	2.000	-9.766	0.034
4190.000	2.000	-9.766	0.034
4200.000	2.000	-9.766	0.034
4210.000	2.000	-9.766	0.024
4220.000	2.000	-9.766	0.024
4230.000	2.000	-9.766	0.024
4240.000	2.000	-5.859	0.042
4250.000	2.000	-5.859	0.042
4260.000	2.000	-5.859	0.042
4270.000	2.000	-37.109	0.027
4280.000	2.000	-37.109	0.027
4290.000	2.000	-37.109	0.027
4300.000	2.000	-5.859	0.047
4310.000	2.000	-5.859	0.047
4320.000	2.000	-5.859	0.047
4330.000	2.000	-37.109	0.039
4340.000	2.000	-37.109	0.039
4350.000	2.000	-37.109	0.039
4360.000	2.000	-1.953	0.036
4370.000	2.000	-1.953	0.036
4380.000	2.000	-1.953	0.036
4390.000	2.000	-17.578	0.047
4400.000	2.000	-17.578	0.047
4410.000	2.000	-17.578	0.047
4420.000	2.000	-3.906	0.044
4430.000	2.000	-3.906	0.044
4440.000	2.000	-3.906	0.044
4450.000	2.000	-25.391	0.038
4460.000	2.000	-25.391	0.038
4470.000	2.000	-25.391	0.038
4480.000	2.000	-29.297	0.016
4490.000	2.000	-29.297	0.016
4500.000	2.000	-29.297	0.016
4510.000	2.000	-9.766	0.031
4520.000	2.000	-9.766	0.031
4530.000	2.000	-9.766	0.031
4540.000	2.000	-44.922	0.043
4550.000	2.000	-44.922	0.043
4560.000	2.000	-44.922	0.043
4570.000	2.000	-31.250	0.031
4580.000	2.000	-31.250	0.031
4590.000	2.000	-31.250	0.031
4600.000	2.000	-3.906	0.024
4610.000	2.000	-3.906	0.024
4620.000	2.000	-3.906	0.024
4630.000	2.000	0.000	0.033
4640.000	2.000	0.000	0.033
4650.000	2.000	0.000	0.033
4660.000	2.000	-1.953	0.027
4670.000	2.000	-1.953	0.027
4680.000	2.000	-1.953	0.027
4690.000	2.000	3.906	0.049
4700.000	2.000	3.906	0.049
4710.000	2.000	3.906	0.049
4720.000	2.000	-37.109	0.025
4730.000	2.000	-37.109	0.025
4740.000	2.000	-37.109	0.025
4750.000	2.000	1.953	0.037
4760.000	2.000	1.953	0.037
4770.000	2.000	1.953	0.037
4780.000	2.000	-50.781	0.038
4790.000	2.000	-50.781	0.038
4800.000	2.000	-50.781	0.038
4810.000	2.000	-21.484	0.042
4820.000	2.000	-21.484	0.042
4830.000	2.000	-21.484	0.042
4840.000	2.000	-3.906	0.052
4850.000	2.000	-3.906	0.052
4860.000	2.000	-3.906	0.052
4870.000	2.000	-27.344	0.047
4880.000	2.000	-27.344	0.047
4890.000	2.000	-27.344	0.047
4900.000	2.000	-9.766	0.050
4910.000	2.000	-9.766	0.050
4920.000	2.000	-9.766	0.050
4930.000	2.000	-29.297	0.053
4940.000	2.000	-29.297	0.053
4950.000	2.000	-29.297	0.053
4960.000	2.000	-3.906	0.046
4970.000	2.000	-3.906	0.046
4980.000	2.000	-3.906	0.046
4990.000	2.000	-3.906	0.021
5000.000	2.000	-3.906	0.021
5010.000	2.000	-3.906	0.021
5020.000	2.000	-19.531	0.029
5030.000	2.000	-19.531	0.029
5040.000	2.000	-19.531	0.029
5050.000	2.000	7.812	0.046
5060.000	2.000	7.812	0.046
5070.000	2.000	7.812	0.046
5080.000	2.000	-48.828	0.035
5090.000	2.000	-48.828	0.035
5100.000	2.000	-48.828	0.035
5110.000	2.000	-35.156	0.050
5120.000	2.000	-35.156	0.050
5130.000	2.000	-35.156	0.050
5140.000	2.000	-39.062	0.049
5150.000	2.000	-39.062	0.049
5160.000	2.000	-39.062	0.049
5170.000	2.000	-37.109	0.030
5180.000	2.000	-37.109	0.030
5190.000	2.000	-37.109	0.030
5200.000	2.000	-5.859	0.020
5210.000	2.000	-5.859	0.020
5220.000	2.000	-5.859	0.020
5230.000	2.000	-31.250	0.053
5240.000	2.000	-31.250	0.053
5250.000	2.000	-31.250	0.053
5260.000	2.000	-1.953	0.034
5270.000	2.000	-1.953	0.034
5280.000	2.000	-1.953	0.034
5290.000	2.000	-25.391	0.018
5300.000	2.000	-25.391	0.018
5310.000	2.000	-25.391	0.018
5320.000	2.000	-25.391	0.028
5330.000	2.000	-25.391	0.028
5340.000	2.000	-25.391	0.028
5350.000	2.000	-9.766	0.031
5360.000	2.000	-9.766	0.031
5370.000	2.000	-9.766	0.031
5380.000	2.000	-42.969	0.029
5390.000	2.000	-42.969	0.029
5400.000	2.000	-42.969	0.029
5410.000	2.000	-35.156	0.020
5420.000	2.000	-35.156	0.020
5430.000	2.000	-35.156	0.020
5440.000	2.000	-41.016	0.044
5450.000	2.000	-41.016	0.044
5460.000	2.000	-41.016	0.044
5470.000	2.000	5.859	0.031
5480.000	2.000	5.859	0.031
5490.000	2.000	5.859	0.031
5500.000	2.000	-15.625	0.037
5510.000	2.000	-15.625	0.037
5520.000	2.000	-15.625	0.037
5530.000	2.000	-3.906	0.026
5540.000	2.000	-3.906	0.026
5550.000	2.000	-3.906	0.026
5560.000	2.000	-41.016	0.017
5570.000	2.000	-41.016	0.017
5580.000	2.000	-41.016	0.017
5590.000	2.000	-31.250	0.055
5600.000	2.000	-31.250	0.055
5610.000	2.000	-31.250	0.055
5620.000	2.000	-33.203	0.030
5630.000	2.000	-33.203	0.030
5640.000	2.000	-33.203	0.030
5650.000	2.000	-17.578	0.021
5660.000	2.000	-17.578	0.021
5670.000	2.000	-17.578	0.021
5680.000	2.000	-23.437	0.042
5690.000	2.000	-23.437	0.042
5700.000	2.000	-23.437	0.042
5710.000	2.000	-5.859	0.028
5720.000	2.000	-5.859	0.028
5730.000	2.000	-5.859	0.028
5740.000	2.000	-11.719	0.038
5750.000	2.000	-11.719	0.038
5760.000	2.000	-11.719	0.038
5770.000	2.000	-13.672	0.034
5780.000	2.000	-13.672	0.034
5790.000	2.000	-13.672	0.034
5800.000	2.000	-1.953	0.045
5810.000	2.000	-1.953	0.045
5820.000	2.000	-1.953	0.045
5830.000	2.000	-15.625	0.040
5840.000	2.000	-15.625	0.040
5850.000	2.000	-15.625	0.040
5860.000	2.000	-27.344	0.037
5870.000	2.000	-27.344	0.037
5880.000	2.000	-27.344	0.037
5890.000	2.000	-19.531	0.047
5900.000	2.000	-19.531	0.047
5910.000	2.000	-19.531	0.047
5920.000	2.000	-33.203	0.043
5930.000	2.000	-33.203	0.043
5940.000	2.000	-33.203	0.043
5950.000	2.000	1.953	0.029
5960.000	2.000	1.953	0.029
5970.000	2.000	1.953	0.029
5980.000	2.000	-11.719	0.047
5990.000	2.000	-11.719	0.047
6000.000	2.000	-11.719	0.047
6010.000	2.000	1.953	0.024
6020.000	2.000	1.953	0.024
6030.000	2.000	1.953	0.024
6040.000	2.000	-17.578	0.037
6050.000	2.000	-17.578	0.037
6060.000	2.000	-17.578	0.037
6070.000	2.000	-3.906	0.035
6080.000	2.000	-3.906	0.035
6090.000	2.000	-3.906	0.035
6100.000	2.000	-1.953	0.023
6110.000	2.000	-1.953	0.023
6120.000	2.000	-1.953	0.023
6130.000	2.000	-21.484	0.003
6140.000	2.000	-21.484	0.003
6150.000	2.000	-21.484	0.003
6160.000	2.000	-39.062	0.001
6170.000	2.000	-39.062	0.001
6180.000	2.000	-39.062	0.001
6190.000	2.000	-48.828	-0.013
6200.000	2.000	-48.828	-0.013
6210.000	2.000	-48.828	-0.013
6220.000	2.000	-21.484	-0.013
6230.000	2.000	-21.484	-0.013
6240.000	2.000	-21.484	-0.013
6250.000	2.000	-11.719	-0.012
6260.000	2.000	-11.719	-0.012
6270.000	2.000	-11.719	-0.012
6280.000	2.000	-1.953	-0.028
6290.000	2.000	-1.953	-0.028
6300.000	2.000	-1.953	-0.028
6310.000	2.000	3.906	-0.016
6320.000	2.000	3.906	-0.016
6330.000	2.000	3.906	-0.016
6340.000	2.000	-25.391	-0.027
6350.000	2.000	-25.391	-0.027
6360.000	2.000	-25.391	-0.027
6370.000	2.000	-17.578	-0.021
6380.000	2.000	-17.578	-0.021
6390.000	2.000	-17.578	-0.021
6400.000	2.000	0.000	-0.029
6410.000	2.000	0.000	-0.029
6420.000	2.000	0.000	-0.029
6430.000	2.000	1.953	-0.017
6440.000	2.000	1.953	-0.017
6450.000	2.000	1.953	-0.017
6460.000	2.000	9.766	-0.009
6470.000	2.000	9.766	-0.009
6480.000	2.000	9.766	-0.009
6490.000	2.000	-15.625	-0.029
6500.000	2.000	-15.625	-0.029
6510.000	2.000	-15.625	-0.029
6520.000	2.000	0.000	-0.006
6530.000	2.000	0.000	-0.006
6540.000	2.000	0.000	-0.006
6550.000	2.000	1.953	-0.015
6560.000	2.000	1.953	-0.015
6570.000	2.000	1.953	-0.015
6580.000	2.000	5.859	-0.019
6590.000	2.000	5.859	-0.019
6600.000	2.000	5.859	-0.019
6610.000	2.000	-44.922	-0.017
6620.000	2.000	-44.922	-0.017
6630.000	2.000	-44.922	-0.017
6640.000	2.000	-13.672	-0.041
6650.000	2.000	-13.672	-0.041
6660.000	2.000	-13.672	-0.041
6670.000	2.000	-52.734	-0.019
6680.000	2.000	-52.734	-0.019
6690.000	2.000	-52.734	-0.019
6700.000	2.000	-17.578	-0.026
6710.000	2.000	-17.578	-0.026
6720.000	2.000	-17.578	-0.026
6730.000	2.000	0.000	-0.026
6740.000	2.000	0.000	-0.026
6750.000	2.000	0.000	-0.026
6760.000	2.000	0.000	-0.032
6770.000	2.000	0.000	-0.032
6780.000	2.000	0.000	-0.032
6790.000	2.000	-25.391	-0.042
6800.000	2.000	-25.391	-0.042
6810.000	2.000	-25.391	-0.042
6820.000	2.000	-44.922	-0.009
6830.000	2.000	-44.922	-0.009
6840.000	2.000	-44.922	-0.009
6850.000	2.000	-33.203	-0.029
6860.000	2.000	-33.203	-0.029
6870.000	2.000	-33.203	-0.029
6880.000	2.000	-5.859	-0.028
6890.000	2.000	-5.859	-0.028
6900.000	2.000	-5.859	-0.028
6910.000	2.000	-29.297	0.001
6920.000	2.000	-29.297	0.001
6930.000	2.000	-29.297	0.001
6940.000	2.000	-27.344	-0.031
6950.000	2.000	-27.344	-0.031
6960.000	2.000	-27.344	-0.031
6970.000	2.000	0.000	-0.016
6980.000	2.000	0.000	-0.016
6990.000	2.000	0.000	-0.016
7000.000	2.000	-27.344	-0.012
7010.000	2.000	-27.344	-0.012
7020.000	2.000	-27.344	-0.012
20.000	10.000	-3.906	-0.021
30.000	10.000	-31.250	-0.041
40.000	10.000	-31.250	-0.041
50.000	10.000	-31.250	-0.041
60.000	10.000	-42.969	-0.026
70.000	10.000	-42.969	-0.026
80.000	10.000	-42.969	-0.026
90.000	10.000	-7.812	-0.036
100.000	10.000	-7.812	-0.036
110.000	10.000	-7.812	-0.036
120.000	10.000	-11.719	-0.010
130.000	10.000	-11.719	-0.010
140.000	10.000	-11.719	-0.010
150.000	10.000	-37.109	-0.036
160.000	10.000	-37.109	-0.036
170.000	10.000	-37.109	-0.036
180.000	10.000	-35.156	-0.012
190.000	10.000	-35.156	-0.012
200.000	10.000	-35.156	-0.012
210.000	10.000	-29.297	-0.036
220.000	10.000	-29.297	-0.036
230.000	10.000	-29.297	-0.036
240.000	10.000	-33.203	-0.013
250.000	10.000	-33.203	-0.013
260.000	10.000	-33.203	-0.013
270.000	10.000	1.953	-0.014
280.000	10.000	1.953	-0.014
290.000	10.000	1.953	-0.014
300.000	10.000	-1.953	-0.033
310.000	10.000	-1.953	-0.033
320.000	10.000	-1.953	-0.033
330.000	10.000	-17.578	-0.036
340.000	10.000	-17.578	-0.036
350.000	10.000	-17.578	-0.036
360.000	10.000	-23.437	-0.018
370.000	10.000	-23.437	-0.018
380.000	10.000	-23.437	-0.018
390.000	10.000	-3.906	-0.012
400.000	10.000	-3.906	-0.012
410.000	10.000	-3.906	-0.012
420.000	10.000	-31.250	-0.009
430.000	10.000	-31.250	-0.009
440.000	10.000	-31.250	-0.009
450.000	10.000	-25.391	-0.029
460.000	10.000	-25.391	-0.029
470.000	10.000	-25.391	-0.029
480.000	10.000	-37.109	-0.015
490.000	10.000	-37.109	-0.015
500.000	10.000	-37.109	-0.015
510.000	10.000	-33.203	-0.025
520.000	10.000	-33.203	-0.025
530.000	10.000	-33.203	-0.025
540.000	10.000	-11.719	-0.035
550.000	10.000	-11.719	-0.035
560.000	10.000	-11.719	-0.035
570.000	10.000	-21.484	-0.043
580.000	10.000	-21.484	-0.043
590.000	10.000	-21.484	-0.043
600.000	10.000	1.953	-0.030
610.000	10.000	1.953	-0.030
620.000	10.000	1.953	-0.030
630.000	10.000	-52.734	-0.028
640.000	10.000	-52.734	-0.028
650.000	10.000	-52.734	-0.028
660.000	10.000	-44.922	-0.012
670.000	10.000	-44.922	-0.012
680.000	10.000	-44.922	-0.012
690.000	10.000	-29.297	-0.023
700.000	10.000	-29.297	-0.023
710.000	10.000	-29.297	-0.023
720.000	10.000	-23.437	-0.010
730.000	10.000	-23.437	-0.010
740.000	10.000	-23.437	-0.010
750.000	10.000	-23.437	-0.019
760.000	10.000	-23.437	-0.019
770.000	10.000	-23.437	-0.019
780.000	10.000	-35.156	-0.024
790.000	10.000	-35.156	-0.024
800.000	10.000	-35.156	-0.024
810.000	10.000	-13.672	-0.028
820.000	10.000	-13.672	-0.028
830.000	10.000	-13.672	-0.028
840.000	10.000	-13.672	-0.009
850.000	10.000	-13.672	-0.009
860.000	10.000	-13.672	-0.009
870.000	10.000	-9.766	-0.024
880.000	10.000	-9.766	-0.024
890.000	10.000	-9.766	-0.024
900.000	10.000	-21.484	-0.018
910.000	10.000	-21.484	-0.018
920.000	10.000	-21.484	-0.018
930.000	10.000	-37.109	-0.010
940.000	10.000	-37.109	-0.010
950.000	10.000	-37.109	-0.010
960.000	10.000	-44.922	-0.016
970.000	10.000	-44.922	-0.016
980.000	10.000	-44.922	-0.016
990.000	10.000	5.859	-0.020
1000.000	10.000	5.859	-0.020
1010.000	10.000	5.859	-0.020
1020.000	10.000	-48.828	-0.023
1030.000	10.000	-48.828	-0.023
1040.000	10.000	-48.828	-0.023
1050.000	10.000	-1.953	-0.023
1060.000	10.000	-1.953	-0.023
1070.000	10.000	-1.953	-0.023
1080.000	10.000	-33.203	-0.038
1090.000	10.000	-33.203	-0.038
1100.000	10.000	-33.203	-0.038
1110.000	10.000	-33.203	0.128
1120.000	10.000	-33.203	0.128
1130.000	10.000	-33.203	0.128
1140.000	10.000	-33.203	0.196
1150.000	10.000	-33.203	0.196
1160.000	10.000	-33.203	0.196
1170.000	10.000	-23.437	0.269
1180.000	10.000	-23.437	0.269
1190.000	10.000	-23.437	0.269
1200.000	10.000	15.625	0.253
1210.000	10.000	15.625	0.253
1220.000	10.000	15.625	0.253
1230.000	10.000	56.641	0.247
1240.000	10.000	56.641	0.247
1250.000	10.000	56.641	0.247
1260.000	10.000	85.937	0.249
1270.000	10.000	85.937	0.249
1280.000	10.000	85.937	0.249
1290.000	10.000	72.266	0.256
1300.000	10.000	72.266	0.256
1310.000	10.000	72.266	0.256
1320.000	10.000	117.187	0.268
1330.000	10.000	117.187	0.268
1340.000	10.000	117.187	0.268
1350.000	10.000	130.859	0.276
1360.000	10.000	130.859	0.276
1370.000	10.000	130.859	0.276
1380.000	10.000	136.719	0.284
1390.000	10.000	136.719	0.284
1400.000	10.000	136.719	0.284
1410.000	10.000	167.969	0.279
1420.000	10.000	167.969	0.279
1430.000	10.000	167.969	0.279
1440.000	10.000	175.781	0.286
1450.000	10.000	175.781	0.286
1460.000	10.000	175.781	0.286
1470.000	10.000	207.031	0.265
1480.000	10.000	207.031	0.265
1490.000	10.000	207.031	0.265
1500.000	10.000	203.125	0.255
1510.000	10.000	203.125	0.255
1520.000	10.000	203.125	0.255
1530.000	10.000	246.094	0.267
1540.000	10.000	246.094	0.267
1550.000	10.000	246.094	0.267
1560.000	10.000	314.453	0.273
1570.000	10.000	314.453	0.273
1580.000	10.000	314.453	0.273
1590.000	10.000	304.687	0.280
1600.000	10.000	304.687	0.280
1610.000	10.000	304.687	0.280
1620.000	10.000	320.312	0.256
1630.000	10.000	320.312	0.256
1640.000	10.000	320.312	0.256
1650.000	10.000	341.797	0.275
1660.000	10.000	341.797	0.275
1670.000	10.000	341.797	0.275
1680.000	10.000	353.516	0.268
1690.000	10.000	353.516	0.268
1700.000	10.000	353.516	0.268
1710.000	10.000	357.422	0.252
1720.000	10.000	357.422	0.252
1730.000	10.000	357.422	0.252
1740.000	10.000	406.250	0.260
1750.000	10.000	406.250	0.260
1760.000	10.000	406.250	0.260
1770.000	10.000	382.812	0.257
1780.000	10.000	382.812	0.257
1790.000	10.000	382.812	0.257
1800.000	10.000	417.969	0.278
1810.000	10.000	417.969	0.278
1820.000	10.000	417.969	0.278
1830.000	10.000	419.922	0.265
1840.000	10.000	419.922	0.265
1850.000	10.000	419.922	0.265
1860.000	10.000	460.937	0.264
1870.000	10.000	460.937	0.264
1880.000	10.000	460.937	0.264
1890.000	10.000	472.656	0.262
1900.000	10.000	472.656	0.262
1910.000	10.000	472.656	0.262
1920.000	10.000	472.656	0.280
1930.000	10.000	472.656	0.280
1940.000	10.000	472.656	0.280
1950.000	10.000	486.328	0.288
1960.000	10.000	486.328	0.288
1970.000	10.000	486.328	0.288
1980.000	10.000	496.094	0.276
1990.000	10.000	496.094	0.276
2000.000	10.000	496.094	0.276
2010.000	10.000	521.484	0.252
2020.000	10.000	521.484	0.252
2030.000	10.000	521.484	0.252
2040.000	10.000	605.469	0.277
2050.000	10.000	605.469	0.277
2060.000	10.000	605.469	0.277
2070.000	10.000	560.547	0.237
2080.000	10.000	560.547	0.237
2090.000	10.000	560.547	0.237
2100.000	10.000	589.844	0.269
2110.000	10.000	589.844	0.269
2120.000	10.000	589.844	0.269
2130.000	10.000	589.844	0.288
2140.000	10.000	589.844	0.288
2150.000	10.000	589.844	0.288
2160.000	10.000	638.672	0.271
2170.000	10.000	638.672	0.271
2180.000	10.000	638.672	0.271
2190.000	10.000	634.766	0.291
2200.000	10.000	634.766	0.291
2210.000	10.000	634.766	0.291
2220.000	10.000	671.875	0.262
2230.000	10.000	671.875	0.262
2240.000	10.000	671.875	0.262
2250.000	10.000	710.937	0.262
2260.000	10.000	710.937	0.262
2270.000	10.000	710.937	0.262
2280.000	10.000	705.078	0.279
2290.000	10.000	705.078	0.279
2300.000	10.000	705.078	0.279
2310.000	10.000	728.516	0.285
2320.000	10.000	728.516	0.285
2330.000	10.000	728.516	0.285
2340.000	10.000	763.672	0.262
2350.000	10.000	763.672	0.262
2360.000	10.000	763.672	0.262
2370.000	10.000	734.375	0.272
2380.000	10.000	734.375	0.272
2390.000	10.000	734.375	0.272
2400.000	10.000	765.625	0.245
2410.000	10.000	765.625	0.245
2420.000	10.000	765.625	0.245
2430.000	10.000	822.266	0.264
2440.000	10.000	822.266	0.264
2450.000	10.000	822.266	0.264
2460.000	10.000	824.219	0.251
2470.000	10.000	824.219	0.251
2480.000	10.000	824.219	0.251
2490.000	10.000	832.031	0.266
2500.000	10.000	832.031	0.266
2510.000	10.000	832.031	0.266
2520.000	10.000	826.172	0.276
2530.000	10.000	826.172	0.276
2540.000	10.000	826.172	0.276
2550.000	10.000	880.859	0.285
2560.000	10.000	880.859	0.285
2570.000	10.000	880.859	0.285
2580.000	10.000	871.094	0.288
2590.000	10.000	871.094	0.288
2600.000	10.000	871.094	0.288
2610.000	10.000	937.500	0.286
2620.000	10.000	937.500	0.286
2630.000	10.000	937.500	0.286
2640.000	10.000	931.641	0.260
2650.000	10.000	931.641	0.260
2660.000	10.000	931.641	0.260
2670.000	10.000	917.969	0.253
2680.000	10.000	917.969	0.253
2690.000	10.000	917.969	0.253
2700.000	10.000	962.891	0.258
2710.000	10.000	962.891	0.258
2720.000	10.000	962.891	0.258
2730.000	10.000	958.984	0.259
2740.000	10.000	958.984	0.259
2750.000	10.000	958.984	0.259
2760.000	10.000	966.797	0.279
2770.000	10.000	966.797	0.279
2780.000	10.000	966.797	0.279
2790.000	10.000	1009.766	0.273
2800.000	10.000	1009.766	0.273
2810.000	10.000	1009.766	0.273
2820.000	10.000	1029.297	0.268
2830.000	10.000	1029.297	0.268
2840.000	10.000	1029.297	0.268
2850.000	10.000	1037.109	0.284
2860.000	10.000	1037.109	0.284
2870.000	10.000	1037.109	0.284
2880.000	10.000	1044.922	0.279
2890.000	10.000	1044.922	0.279
2900.000	10.000	1044.922	0.279
2910.000	10.000	1054.687	0.261
2920.000	10.000	1054.687	0.261
2930.000	10.000	1054.687	0.261
2940.000	10.000	1074.219	0.278
2950.000	10.000	1074.219	0.278
2960.000	10.000	1074.219	0.278
2970.000	10.000	1099.609	0.256
2980.000	10.000	1099.609	0.256
2990.000	10.000	1099.609	0.256
3000.000	10.000	1113.281	0.281
3010.000	10.000	1113.281	0.281
3020.000	10.000	1113.281	0.281
3030.000	10.000	1119.141	0.273
3040.000	10.000	1119.141	0.273
3050.000	10.000	1119.141	0.273
3060.000	10.000	1134.766	0.280
3070.000	10.000	1134.766	0.280
3080.000	10.000	1134.766	0.280
3090.000	10.000	1142.578	0.273
3100.000	10.000	1142.578	0.273
3110.000	10.000	1142.578	0.273
3120.000	10.000	1199.219	0.282
3130.000	10.000	1199.219	0.282
3140.000	10.000	1199.219	0.282
3150.000	10.000	1201.172	0.275
3160.000	10.000	1201.172	0.275
3170.000	10.000	1201.172	0.275
3180.000	10.000	1181.641	0.280
3190.000	10.000	1181.641	0.280
3200.000	10.000	1181.641	0.280
3210.000	10.000	1199.219	0.276
3220.000	10.000	1199.219	0.276
3230.000	10.000	1199.219	0.276
3240.000	10.000	1201.172	0.278
3250.000	10.000	1201.172	0.278
3260.000	10.000	1201.172	0.278
3270.000	10.000	1265.625	0.259
3280.000	10.000	1265.625	0.259
3290.000	10.000	1265.625	0.259
3300.000	10.000	1240.234	0.276
3310.000	10.000	1240.234	0.276
3320.000	10.000	1240.234	0.276
3330.000	10.000	1302.734	0.279
3340.000	10.000	1302.734	0.279
3350.000	10.000	1302.734	0.279
3360.000	10.000	1267.578	0.267
3370.000	10.000	1267.578	0.267
3380.000	10.000	1267.578	0.267
3390.000	10.000	1287.109	0.259
3400.000	10.000	1287.109	0.259
3410.000	10.000	1287.109	0.259
3420.000	10.000	1316.406	0.266
3430.000	10.000	1316.406	0.266
3440.000	10.000	1316.406	0.266
3450.000	10.000	1361.328	0.263
3460.000	10.000	1361.328	0.263
3470.000	10.000	1361.328	0.263
3480.000	10.000	1384.766	0.263
3490.000	10.000	1384.766	0.263
3500.000	10.000	1384.766	0.263
3510.000	10.000	1386.719	0.275
3520.000	10.000	1386.719	0.275
3530.000	10.000	1386.719	0.275
3540.000	10.000	1378.906	0.251
3550.000	10.000	1378.906	0.251
3560.000	10.000	1378.906	0.251
3570.000	10.000	1410.156	0.253
3580.000	10.000	1410.156	0.253
3590.000	10.000	1410.156	0.253
3600.000	10.000	1429.687	0.294
3610.000	10.000	1429.687	0.294
3620.000	10.000	1429.687	0.294
3630.000	10.000	1447.266	0.274
3640.000	10.000	1447.266	0.274
3650.000	10.000	1447.266	0.274
3660.000	10.000	1449.219	0.265
3670.000	10.000	1449.219	0.265
3680.000	10.000	1449.219	0.265
3690.000	10.000	1457.031	0.262
3700.000	10.000	1457.031	0.262
3710.000	10.000	1457.031	0.262
3720.000	10.000	1498.047	0.271
3730.000	10.000	1498.047	0.271
3740.000	10.000	1498.047	0.271
3750.000	10.000	1513.672	0.272
3760.000	10.000	1513.672	0.272
3770.000	10.000	1513.672	0.272
3780.000	10.000	1490.234	0.279
3790.000	10.000	1490.234	0.279
3800.000	10.000	1490.234	0.279
3810.000	10.000	1546.875	0.250
3820.000	10.000	1546.875	0.250
3830.000	10.000	1546.875	0.250
3840.000	10.000	1560.547	0.291
3850.000	10.000	1560.547	0.291
3860.000	10.000	1560.547	0.291
3870.000	10.000	1576.172	0.262
3880.000	10.000	1576.172	0.262
3890.000	10.000	1576.172	0.262
3900.000	10.000	1587.891	0.274
3910.000	10.000	1587.891	0.274
3920.000	10.000	1587.891	0.274
3930.000	10.000	1591.797	0.272
3940.000	10.000	1591.797	0.272
3950.000	10.000	1591.797	0.272
3960.000	10.000	1583.984	0.260
3970.000	10.000	1583.984	0.260
3980.000	10.000	1583.984	0.260
3990.000	10.000	1605.469	0.246
4000.000	10.000	1605.469	0.246
4010.000	10.000	1605.469	0.246
4020.000	10.000	1638.672	0.260
4030.000	10.000	1638.672	0.260
4040.000	10.000	1638.672	0.260
4050.000	10.000	1652.344	0.259
4060.000	10.000	1652.344	0.259
4070.000	10.000	1652.344	0.259
4080.000	10.000	1699.219	0.255
4090.000	10.000	1699.219	0.255
4100.000	10.000	1699.219	0.255
4110.000	10.000	1646.484	0.262
4120.000	10.000	1646.484	0.262
4130.000	10.000	1646.484	0.262
4140.000	10.000	1710.937	0.265
4150.000	10.000	1710.937	0.265
4160.000	10.000	1710.937	0.265
4170.000	10.000	1701.172	0.280
4180.000	10.000	1701.172	0.280
4190.000	10.000	1701.172	0.280
4200.000	10.000	1728.516	0.279
4210.000	10.000	1728.516	0.279
4220.000	10.000	1728.516	0.279
4230.000	10.000	1720.703	0.266
4240.000	10.000	1720.703	0.266
4250.000	10.000	1720.703	0.266
4260.000	10.000	1773.437	0.275
4270.000	10.000	1773.437	0.275
4280.000	10.000	1773.437	0.275
4290.000	10.000	1722.656	0.287
4300.000	10.000	1722.656	0.287
4310.000	10.000	1722.656	0.287
4320.000	10.000	1779.297	0.268
4330.000	10.000	1779.297	0.268
4340.000	10.000	1779.297	0.268
4350.000	10.000	1783.203	0.284
4360.000	10.000	1783.203	0.284
4370.000	10.000	1783.203	0.284
4380.000	10.000	1828.125	0.269
4390.000	10.000	1828.125	0.269
4400.000	10.000	1828.125	0.269
4410.000	10.000	1851.562	0.290
4420.000	10.000	1851.562	0.290
4430.000	10.000	1851.562	0.290
4440.000	10.000	1845.703	0.276
4450.000	10.000	1845.703	0.276
4460.000	10.000	1845.703	0.276
4470.000	10.000	1847.656	0.271
4480.000	10.000	1847.656	0.271
4490.000	10.000	1847.656	0.271
4500.000	10.000	1857.422	0.242
4510.000	10.000	1857.422	0.242
4520.000	10.000	1857.422	0.242
4530.000	10.000	1884.766	0.267
4540.000	10.000	1884.766	0.267
4550.000	10.000	1884.766	0.267
4560.000	10.000	1916.016	0.262
4570.000	10.000	1916.016	0.262
4580.000	10.000	1916.016	0.262
4590.000	10.000	1904.297	0.265
4600.000	10.000	1904.297	0.265
4610.000	10.000	1904.297	0.265
4620.000	10.000	1904.297	0.283
4630.000	10.000	1904.297	0.283
4640.000	10.000	1904.297	0.283
4650.000	10.000	1943.359	0.274
4660.000	10.000	1943.359	0.274
4670.000	10.000	1943.359	0.274
4680.000	10.000	1951.172	0.251
4690.000	10.000	1951.172	0.251
4700.000	10.000	1951.172	0.251
4710.000	10.000	1957.031	0.291
4720.000	10.000	1957.031	0.291
4730.000	10.000	1957.031	0.291
4740.000	10.000	1966.797	0.264
4750.000	10.000	1966.797	0.264
4760.000	10.000	1966.797	0.264
4770.000	10.000	2007.812	0.275
4780.000	10.000	2007.812	0.275
4790.000	10.000	2007.812	0.275
4800.000	10.000	1982.422	0.265
4810.000	10.000	1982.422	0.265
4820.000	10.000	1982.422	0.265
4830.000	10.000	2005.859	0.260
4840.000	10.000	2005.859	0.260
4850.000	10.000	2005.859	0.260
4860.000	10.000	2009.766	0.282
4870.000	10.000	2009.766	0.282
4880.000	10.000	2009.766	0.282
4890.000	10.000	2048.828	0.272
4900.000	10.000	2048.828	0.272
4910.000	10.000	2048.828	0.272
4920.000	10.000	2062.500	0.270
4930.000	10.000	2062.500	0.270
4940.000	10.000	2062.500	0.270
4950.000	10.000	2048.828	0.256
4960.000	10.000	2048.828	0.256
4970.000	10.000	2048.828	0.256
4980.000	10.000	2068.359	0.256
4990.000	10.000	2068.359	0.256
5000.000	10.000	2068.359	0.256
5010.000	10.000	2072.266	0.264
5020.000	10.000	2072.266	0.264
5030.000	10.000	2072.266	0.264
5040.000	10.000	2091.797	0.277
5050.000	10.000	2091.797	0.277
5060.000	10.000	2091.797	0.277
5070.000	10.000	2138.672	0.247
5080.000	10.000	2138.672	0.247
5090.000	10.000	2138.672	0.247
5100.000	10.000	2154.297	0.264
5110.000	10.000	2154.297	0.264
5120.000	10.000	2154.297	0.264
5130.000	10.000	2175.781	0.271
5140.000	10.000	2175.781	0.271
5150.000	10.000	2175.781	0.271
5160.000	10.000	2140.625	0.267
5170.000	10.000	2140.625	0.267
5180.000	10.000	2140.625	0.267
5190.000	10.000	2189.453	0.254
5200.000	10.000	2189.453	0.254
5210.000	10.000	2189.453	0.254
5220.000	10.000	2203.125	0.284
5230.000	10.000	2203.125	0.284
5240.000	10.000	2203.125	0.284
5250.000	10.000	2234.375	0.271
5260.000	10.000	2234.375	0.271
5270.000	10.000	2234.375	0.271
5280.000	10.000	2199.219	0.269
5290.000	10.000	2199.219	0.269
5300.000	10.000	2199.219	0.269
5310.000	10.000	2244.141	0.286
5320.000	10.000	2244.141	0.286
5330.000	10.000	2244.141	0.286
5340.000	10.000	2255.859	0.288
5350.000	10.000	2255.859	0.288
5360.000	10.000	2255.859	0.288
5370.000	10.000	2259.766	0.283
5380.000	10.000	2259.766	0.283
5390.000	10.000	2259.766	0.283
5400.000	10.000	2271.484	0.273
5410.000	10.000	2271.484	0.273
5420.000	10.000	2271.484	0.273
5430.000	10.000	2314.453	0.274
5440.000	10.000	2314.453	0.274
5450.000	10.000	2314.453	0.274
5460.000	10.000	2304.687	0.273
5470.000	10.000	2304.687	0.273
5480.000	10.000	2304.687	0.273
5490.000	10.000	2294.922	0.281
5500.000	10.000	2294.922	0.281
5510.000	10.000	2294.922	0.281
5520.000	10.000	2316.406	0.265
5530.000	10.000	2316.406	0.265
5540.000	10.000	2316.406	0.265
5550.000	10.000	2361.328	0.277
5560.000	10.000	2361.328	0.277
5570.000	10.000	2361.328	0.277
5580.000	10.000	2369.141	0.265
5590.000	10.000	2369.141	0.265
5600.000	10.000	2369.141	0.265
5610.000	10.000	2371.094	0.263
5620.000	10.000	2371.094	0.263
5630.000	10.000	2371.094	0.263
5640.000	10.000	2382.812	0.275
5650.000	10.000	2382.812	0.275
5660.000	10.000	2382.812	0.275
5670.000	10.000	2384.766	0.260
5680.000	10.000	2384.766	0.260
5690.000	10.000	2384.766	0.260
5700.000	10.000	2371.094	0.263
5710.000	10.000	2371.094	0.263
5720.000	10.000	2371.094	0.263
5730.000	10.000	2406.250	0.291
5740.000	10.000	2406.250	0.291
5750.000	10.000	2406.250	0.291
5760.000	10.000	2433.594	0.250
5770.000	10.000	2433.594	0.250
5780.000	10.000	2433.594	0.250
5790.000	10.000	2433.594	0.289
5800.000	10.000	2433.594	0.289
5810.000	10.000	2433.594	0.289
5820.000	10.000	2476.562	0.260
5830.000	10.000	2476.562	0.260
5840.000	10.000	2476.562	0.260
5850.000	10.000	2490.234	0.295
5860.000	10.000	2490.234	0.295
5870.000	10.000	2490.234	0.295
5880.000	10.000	2486.328	0.255
5890.000	10.000	2486.328	0.255
5900.000	10.000	2486.328	0.255
5910.000	10.000	2498.047	0.268
5920.000	10.000	2498.047	0.268
5930.000	10.000	2498.047	0.268
5940.000	10.000	2521.484	0.259
5950.000	10.000	2521.484	0.259
5960.000	10.000	2521.484	0.259
5970.000	10.000	2523.437	0.256
5980.000	10.000	2523.437	0.256
5990.000	10.000	2523.437	0.256
6000.000	10.000	2527.344	0.282
6010.000	10.000	2527.344	0.282
6020.000	10.000	2527.344	0.282
6030.000	10.000	2537.109	0.254
6040.000	10.000	2537.109	0.254
6050.000	10.000	2537.109	0.254
6060.000	10.000	2541.016	0.256
6070.000	10.000	2541.016	0.256
6080.000	10.000	2541.016	0.256
6090.000	10.000	2548.828	0.257
6100.000	10.000	2548.828	0.257
6110.000	10.000	2548.828	0.257
6120.000	10.000	2595.703	0.109
6130.000	10.000	2595.703	0.109
6140.000	10.000	2595.703	0.109
6150.000	10.000	2589.844	0.023
6160.000	10.000	2589.844	0.023
6170.000	10.000	2589.844	0.023
6180.000	10.000	2552.734	-0.022
6190.000	10.000	2552.734	-0.022
6200.000	10.000	2552.734	-0.022
6210.000	10.000	2552.734	0.004
6220.000	10.000	2552.734	0.004
6230.000	10.000	2552.734	0.004
6240.000	10.000	2533.203	-0.019
6250.000	10.000	2533.203	-0.019
6260.000	10.000	2533.203	-0.019
6270.000	10.000	2515.625	-0.028
6280.000	10.000	2515.625	-0.028
6290.000	10.000	2515.625	-0.028
6300.000	10.000	2474.609	-0.015
6310.000	10.000	2474.609	-0.015
6320.000	10.000	2474.609	-0.015
6330.000	10.000	2474.609	-0.024
6340.000	10.000	2474.609	-0.024
6350.000	10.000	2474.609	-0.024
6360.000	10.000	2458.984	-0.041
6370.000	10.000	2458.984	-0.041
6380.000	10.000	2458.984	-0.041
6390.000	10.000	2464.844	-0.014
6400.000	10.000	2464.844	-0.014
6410.000	10.000	2464.844	-0.014
6420.000	10.000	2455.078	-0.015
6430.000	10.000	2455.078	-0.015
6440.000	10.000	2455.078	-0.015
6450.000	10.000	2460.937	-0.011
6460.000	10.000	2460.937	-0.011
6470.000	10.000	2460.937	-0.011
6480.000	10.000	2406.250	-0.018
6490.000	10.000	2406.250	-0.018
6500.000	10.000	2406.250	-0.018
6510.000	10.000	2404.297	-0.034
6520.000	10.000	2404.297	-0.034
6530.000	10.000	2404.297	-0.034
6540.000	10.000	2388.672	-0.012
6550.000	10.000	2388.672	-0.012
6560.000	10.000	2388.672	-0.012
6570.000	10.000	2380.859	-0.018
6580.000	10.000	2380.859	-0.018
6590.000	10.000	2380.859	-0.018
6600.000	10.000	2363.281	-0.009
6610.000	10.000	2363.281	-0.009
6620.000	10.000	2363.281	-0.009
6630.000	10.000	2371.094	-0.010
6640.000	10.000	2371.094	-0.010
6650.000	10.000	2371.094	-0.010
6660.000	10.000	2357.422	-0.024
6670.000	10.000	2357.422	-0.024
6680.000	10.000	2357.422	-0.024
6690.000	10.000	2341.797	-0.012
6700.000	10.000	2341.797	-0.012
6710.000	10.000	2341.797	-0.012
6720.000	10.000	2306.641	-0.036
6730.000	10.000	2306.641	-0.036
6740.000	10.000	2306.641	-0.036
6750.000	10.000	2326.172	-0.024
6760.000	10.000	2326.172	-0.024
6770.000	10.000	2326.172	-0.024
6780.000	10.000	2304.687	-0.018
6790.000	10.000	2304.687	-0.018
6800.000	10.000	2304.687	-0.018
6810.000	10.000	2242.187	-0.030
6820.000	10.000	2242.187	-0.030
6830.000	10.000	2242.187	-0.030
6840.000	10.000	2248.047	-0.016
6850.000	10.000	2248.047	-0.016
6860.000	10.000	2248.047	-0.016
6870.000	10.000	2244.141	-0.022
6880.000	10.000	2244.141	-0.022
6890.000	10.000	2244.141	-0.022
6900.000	10.000	2226.562	-0.005
6910.000	10.000	2226.562	-0.005
6920.000	10.000	2226.562	-0.005
6930.000	10.000	2214.844	-0.028
6940.000	10.000	2214.844	-0.028
6950.000	10.000	2214.844	-0.028
6960.000	10.000	2160.156	-0.011
6970.000	10.000	2160.156	-0.011
6980.000	10.000	2160.156	-0.011
6990.000	10.000	2197.266	-0.028
7000.000	10.000	2197.266	-0.028
7010.000	10.000	2197.266	-0.028
7020.000	10.000	2169.922	-0.033
20.000	10.000	-7.812	-0.021
30.000	10.000	-7.812	-0.021
40.000	10.000	-9.766	-0.012
50.000	10.000	-9.766	-0.012
60.000	10.000	-9.766	-0.012
70.000	10.000	-46.875	-0.029
80.000	10.000	-46.875	-0.029
90.000	10.000	-46.875	-0.029
100.000	10.000	9.766	-0.028
110.000	10.000	9.766	-0.028
120.000	10.000	9.766	-0.028
130.000	10.000	-19.531	-0.031
140.000	10.000	-19.531	-0.031
150.000	10.000	-19.531	-0.031
160.000	10.000	-31.250	-0.020
170.000	10.000	-31.250	-0.020
180.000	10.000	-31.250	-0.020
190.000	10.000	1.953	-0.022
200.000	10.000	1.953	-0.022
210.000	10.000	1.953	-0.022
220.000	10.000	-3.906	-0.024
230.000	10.000	-3.906	-0.024
240.000	10.000	-3.906	-0.024
250.000	10.000	-23.437	-0.026
260.000	10.000	-23.437	-0.026
270.000	10.000	-23.437	-0.026
280.000	10.000	-48.828	-0.012
290.000	10.000	-48.828	-0.012
300.000	10.000	-48.828	-0.012
310.000	10.000	-42.969	-0.016
320.000	10.000	-42.969	-0.016
330.000	10.000	-42.969	-0.016
340.000	10.000	1.953	-0.017
350.000	10.000	1.953	-0.017
360.000	10.000	1.953	-0.017
370.000	10.000	-17.578	-0.011
380.000	10.000	-17.578	-0.011
390.000	10.000	-17.578	-0.011
400.000	10.000	-9.766	-0.018
410.000	10.000	-9.766	-0.018
420.000	10.000	-9.766	-0.018
430.000	10.000	-31.250	-0.005
440.000	10.000	-31.250	-0.005
450.000	10.000	-31.250	-0.005
460.000	10.000	-9.766	-0.030
470.000	10.000	-9.766	-0.030
480.000	10.000	-9.766	-0.030
490.000	10.000	-5.859	-0.024
500.000	10.000	-5.859	-0.024
510.000	10.000	-5.859	-0.024
520.000	10.000	-35.156	-0.030
530.000	10.000	-35.156	-0.030
540.000	10.000	-35.156	-0.030
550.000	10.000	1.953	-0.028
560.000	10.000	1.953	-0.028
570.000	10.000	1.953	-0.028
580.000	10.000	-3.906	-0.016
590.000	10.000	-3.906	-0.016
600.000	10.000	-3.906	-0.016
610.000	10.000	-23.437	-0.008
620.000	10.000	-23.437	-0.008
630.000	10.000	-23.437	-0.008
640.000	10.000	-35.156	-0.030
650.000	10.000	-35.156	-0.030
660.000	10.000	-35.156	-0.030
670.000	10.000	-25.391	-0.011
680.000	10.000	-25.391	-0.011
690.000	10.000	-25.391	-0.011
700.000	10.000	-35.156	-0.007
710.000	10.000	-35.156	-0.007
720.000	10.000	-35.156	-0.007
730.000	10.000	-31.250	-0.042
740.000	10.000	-31.250	-0.042
750.000	10.000	-31.250	-0.042
760.000	10.000	-19.531	-0.014
770.000	10.000	-19.531	-0.014
780.000	10.000	-19.531	-0.014
790.000	10.000	-15.625	-0.032
800.000	10.000	-15.625	-0.032
810.000	10.000	-15.625	-0.032
820.000	10.000	-9.766	-0.019
830.000	10.000	-9.766	-0.019
840.000	10.000	-9.766	-0.019
850.000	10.000	-33.203	-0.017
860.000	10.000	-33.203	-0.017
870.000	10.000	-33.203	-0.017
880.000	10.000	-21.484	-0.022
890.000	10.000	-21.484	-0.022
900.000	10.000	-21.484	-0.022
910.000	10.000	-42.969	-0.011
920.000	10.000	-42.969	-0.011
930.000	10.000	-42.969	-0.011
940.000	10.000	-15.625	-0.040
950.000	10.000	-15.625	-0.040
960.000	10.000	-15.625	-0.040
970.000	10.000	0.000	-0.029
980.000	10.000	0.000	-0.029
990.000	10.000	0.000	-0.029
1000.000	10.000	-9.766	-0.043
1010.000	10.000	-9.766	-0.043
1020.000	10.000	-9.766	-0.043
1030.000	10.000	-37.109	-0.015
1040.000	10.000	-37.109	-0.015
1050.000	10.000	-37.109	-0.015
1060.000	10.000	-1.953	-0.030
1070.000	10.000	-1.953	-0.030
1080.000	10.000	-1.953	-0.030
1090.000	10.000	-33.203	0.117
1100.000	10.000	-33.203	0.117
1110.000	10.000	-33.203	0.117
1120.000	10.000	-31.250	0.207
1130.000	10.000	-31.250	0.207
1140.000	10.000	-31.250	0.207
1150.000	10.000	-17.578	0.248
1160.000	10.000	-17.578	0.248
1170.000	10.000	-17.578	0.248
1180.000	10.000	25.391	0.276
1190.000	10.000	25.391	0.276
1200.000	10.000	25.391	0.276
1210.000	10.000	37.109	0.271
1220.000	10.000	37.109	0.271
1230.000	10.000	37.109	0.271
1240.000	10.000	60.547	0.272
1250.000	10.000	60.547	0.272
1260.000	10.000	60.547	0.272
1270.000	10.000	115.234	0.287
1280.000	10.000	115.234	0.287
1290.000	10.000	115.234	0.287
1300.000	10.000	130.859	0.272
1310.000	10.000	130.859	0.272
1320.000	10.000	130.859	0.272
1330.000	10.000	142.578	0.268
1340.000	10.000	142.578	0.268
1350.000	10.000	142.578	0.268
1360.000	10.000	148.437	0.288
1370.000	10.000	148.437	0.288
1380.000	10.000	148.437	0.288
1390.000	10.000	138.672	0.277
1400.000	10.000	138.672	0.277
1410.000	10.000	138.672	0.277
1420.000	10.000	181.641	0.271
1430.000	10.000	181.641	0.271
1440.000	10.000	181.641	0.271
1450.000	10.000	218.750	0.288
1460.000	10.000	218.750	0.288
1470.000	10.000	218.750	0.288
1480.000	10.000	242.187	0.255
1490.000	10.000	242.187	0.255
1500.000	10.000	242.187	0.255
1510.000	10.000	210.937	0.268
1520.000	10.000	210.937	0.268
1530.000	10.000	210.937	0.268
1540.000	10.000	271.484	0.273
1550.000	10.000	271.484	0.273
1560.000	10.000	271.484	0.273
1570.000	10.000	267.578	0.266
1580.000	10.000	267.578	0.266
1590.000	10.000	267.578	0.266
1600.000	10.000	291.016	0.276
1610.000	10.000	291.016	0.276
1620.000	10.000	291.016	0.276
1630.000	10.000	324.219	0.235
1640.000	10.000	324.219	0.235
1650.000	10.000	324.219	0.235
1660.000	10.000	365.234	0.281
1670.000	10.000	365.234	0.281
1680.000	10.000	365.234	0.281
1690.000	10.000	355.469	0.256
1700.000	10.000	355.469	0.256
1710.000	10.000	355.469	0.256
1720.000	10.000	367.187	0.295
1730.000	10.000	367.187	0.295
1740.000	10.000	367.187	0.295
1750.000	10.000	382.812	0.278
1760.000	10.000	382.812	0.278
1770.000	10.000	382.812	0.278
1780.000	10.000	437.500	0.257
1790.000	10.000	437.500	0.257
1800.000	10.000	437.500	0.257
1810.000	10.000	408.203	0.287
1820.000	10.000	408.203	0.287
1830.000	10.000	408.203	0.287
1840.000	10.000	460.937	0.269
1850.000	10.000	460.937	0.269
1860.000	10.000	460.937	0.269
1870.000	10.000	496.094	0.270
1880.000	10.000	496.094	0.270
1890.000	10.000	496.094	0.270
1900.000	10.000	447.266	0.264
1910.000	10.000	447.266	0.264
1920.000	10.000	447.266	0.264
1930.000	10.000	484.375	0.251
1940.000	10.000	484.375	0.251
1950.000	10.000	484.375	0.251
1960.000	10.000	529.297	0.278
1970.000	10.000	529.297	0.278
1980.000	10.000	529.297	0.278
1990.000	10.000	539.062	0.283
2000.000	10.000	539.062	0.283
2010.000	10.000	539.062	0.283
2020.000	10.000	548.828	0.270
2030.000	10.000	548.828	0.270
2040.000	10.000	548.828	0.270
2050.000	10.000	593.750	0.266
2060.000	10.000	593.750	0.266
2070.000	10.000	593.750	0.266
2080.000	10.000	617.187	0.276
2090.000	10.000	617.187	0.276
2100.000	10.000	617.187	0.276
2110.000	10.000	595.703	0.269
2120.000	10.000	595.703	0.269
2130.000	10.000	595.703	0.269
2140.000	10.000	630.859	0.277
2150.000	10.000	630.859	0.277
2160.000	10.000	630.859	0.277
2170.000	10.000	685.547	0.262
2180.000	10.000	685.547	0.262
2190.000	10.000	685.547	0.262
2200.000	10.000	681.641	0.271
2210.000	10.000	681.641	0.271
2220.000	10.000	681.641	0.271
2230.000	10.000	664.062	0.283
2240.000	10.000	664.062	0.283
2250.000	10.000	664.062	0.283
2260.000	10.000	714.844	0.276
2270.000	10.000	714.844	0.276
2280.000	10.000	714.844	0.276
2290.000	10.000	744.141	0.279
2300.000	10.000	744.141	0.279
2310.000	10.000	744.141	0.279
2320.000	10.000	730.469	0.281
2330.000	10.000	730.469	0.281
2340.000	10.000	730.469	0.281
2350.000	10.000	738.281	0.261
2360.000	10.000	738.281	0.261
2370.000	10.000	738.281	0.261
2380.000	10.000	781.250	0.280
2390.000	10.000	781.250	0.280
2400.000	10.000	781.250	0.280
2410.000	10.000	771.484	0.284
2420.000	10.000	771.484	0.284
2430.000	10.000	771.484	0.284
2440.000	10.000	812.500	0.262
2450.000	10.000	812.500	0.262
2460.000	10.000	812.500	0.262
2470.000	10.000	832.031	0.285
2480.000	10.000	832.031	0.285
2490.000	10.000	832.031	0.285
2500.000	10.000	839.844	0.236
2510.000	10.000	839.844	0.236
2520.000	10.000	839.844	0.236
2530.000	10.000	871.094	0.287
2540.000	10.000	871.094	0.287
2550.000	10.000	871.094	0.287
2560.000	10.000	853.516	0.264
2570.000	10.000	853.516	0.264
2580.000	10.000	853.516	0.264
2590.000	10.000	880.859	0.271
2600.000	10.000	880.859	0.271
2610.000	10.000	880.859	0.271
2620.000	10.000	914.062	0.280
2630.000	10.000	914.062	0.280
2640.000	10.000	914.062	0.280
2650.000	10.000	896.484	0.265
2660.000	10.000	896.484	0.265
2670.000	10.000	896.484	0.265
2680.000	10.000	935.547	0.259
2690.000	10.000	935.547	0.259
2700.000	10.000	935.547	0.259
2710.000	10.000	947.266	0.266
2720.000	10.000	947.266	0.266
2730.000	10.000	947.266	0.266
2740.000	10.000	964.844	0.276
2750.000	10.000	964.844	0.276
2760.000	10.000	964.844	0.276
2770.000	10.000	974.609	0.251
2780.000	10.000	974.609	0.251
2790.000	10.000	974.609	0.251
2800.000	10.000	1029.297	0.272
2810.000	10.000	1029.297	0.272
2820.000	10.000	1029.297	0.272
2830.000	10.000	1029.297	0.270
2840.000	10.000	1029.297	0.270
2850.000	10.000	1029.297	0.270
2860.000	10.000	1070.312	0.275
2870.000	10.000	1070.312	0.275
2880.000	10.000	1070.312	0.275
2890.000	10.000	1056.641	0.283
2900.000	10.000	1056.641	0.283
2910.000	10.000	1056.641	0.283
2920.000	10.000	1066.406	0.269
2930.000	10.000	1066.406	0.269
2940.000	10.000	1066.406	0.269
2950.000	10.000	1085.937	0.282
2960.000	10.000	1085.937	0.282
2970.000	10.000	1085.937	0.282
2980.000	10.000	1078.125	0.271
2990.000	10.000	1078.125	0.271
3000.000	10.000	1078.125	0.271
3010.000	10.000	1125.000	0.284
3020.000	10.000	1125.000	0.284
3030.000	10.000	1125.000	0.284
3040.000	10.000	1160.156	0.265
3050.000	10.000	1160.156	0.265
3060.000	10.000	1160.156	0.265
3070.000	10.000	1189.453	0.285
3080.000	10.000	1189.453	0.285
3090.000	10.000	1189.453	0.285
3100.000	10.000	1173.828	0.274
3110.000	10.000	1173.828	0.274
3120.000	10.000	1173.828	0.274
3130.000	10.000	1185.547	0.264
3140.000	10.000	1185.547	0.264
3150.000	10.000	1185.547	0.264
3160.000	10.000	1199.219	0.282
3170.000	10.000	1199.219	0.282
3180.000	10.000	1199.219	0.282
3190.000	10.000	1228.516	0.242
3200.000	10.000	1228.516	0.242
3210.000	10.000	1228.516	0.242
3220.000	10.000	1240.234	0.280
3230.000	10.000	1240.234	0.280
3240.000	10.000	1240.234	0.280
3250.000	10.000	1263.672	0.250
3260.000	10.000	1263.672	0.250
3270.000	10.000	1263.672	0.250
3280.000	10.000	1240.234	0.289
3290.000	10.000	1240.234	0.289
3300.000	10.000	1240.234	0.289
3310.000	10.000	1291.016	0.292
3320.000	10.000	1291.016	0.292
3330.000	10.000	1291.016	0.292
3340.000	10.000	1318.359	0.268
3350.000	10.000	1318.359	0.268
3360.000	10.000	1318.359	0.268
3370.000	10.000	1306.641	0.244
3380.000	10.000	1306.641	0.244
3390.000	10.000	1306.641	0.244
3400.000	10.000	1343.750	0.268
3410.000	10.000	1343.750	0.268
3420.000	10.000	1343.750	0.268
3430.000	10.000	1347.656	0.284
3440.000	10.000	1347.656	0.284
3450.000	10.000	1347.656	0.284
3460.000	10.000	1367.187	0.278
3470.000	10.000	1367.187	0.278
3480.000	10.000	1367.187	0.278
3490.000	10.000	1375.000	0.266
3500.000	10.000	1375.000	0.266
3510.000	10.000	1375.000	0.266
3520.000	10.000	1373.047	0.272
3530.000	10.000	1373.047	0.272
3540.000	10.000	1373.047	0.272
3550.000	10.000	1427.734	0.262
3560.000	10.000	1427.734	0.262
3570.000	10.000	1427.734	0.262
3580.000	10.000	1427.734	0.276
3590.000	10.000	1427.734	0.276
3600.000	10.000	1427.734	0.276
3610.000	10.000	1402.344	0.257
3620.000	10.000	1402.344	0.257
3630.000	10.000	1402.344	0.257
3640.000	10.000	1466.797	0.273
3650.000	10.000	1466.797	0.273
3660.000	10.000	1466.797	0.273
3670.000	10.000	1472.656	0.275
3680.000	10.000	1472.656	0.275
3690.000	10.000	1472.656	0.275
3700.000	10.000	1462.891	0.283
3710.000	10.000	1462.891	0.283
3720.000	10.000	1462.891	0.283
3730.000	10.000	1513.672	0.271
3740.000	10.000	1513.672	0.271
3750.000	10.000	1513.672	0.271
3760.000	10.000	1541.016	0.282
3770.000	10.000	1541.016	0.282
3780.000	10.000	1541.016	0.282
3790.000	10.000	1498.047	0.271
3800.000	10.000	1498.047	0.271
3810.000	10.000	1498.047	0.271
3820.000	10.000	1560.547	0.287
3830.000	10.000	1560.547	0.287
3840.000	10.000	1560.547	0.287
3850.000	10.000	1576.172	0.278
3860.000	10.000	1576.172	0.278
3870.000	10.000	1576.172	0.278
3880.000	10.000	1589.844	0.281
3890.000	10.000	1589.844	0.281
3900.000	10.000	1589.844	0.281
3910.000	10.000	1591.797	0.262
3920.000	10.000	1591.797	0.262
3930.000	10.000	1591.797	0.262
3940.000	10.000	1623.047	0.279
3950.000	10.000	1623.047	0.279
3960.000	10.000	1623.047	0.279
3970.000	10.000	1599.609	0.278
3980.000	10.000	1599.609	0.278
3990.000	10.000	1599.609	0.278
4000.000	10.000	1632.812	0.267
4010.000	10.000	1632.812	0.267
4020.000	10.000	1632.812	0.267
4030.000	10.000	1666.016	0.281
4040.000	10.000	1666.016	0.281
4050.000	10.000	1666.016	0.281
4060.000	10.000	1677.734	0.263
4070.000	10.000	1677.734	0.263
4080.000	10.000	1677.734	0.263
4090.000	10.000	1697.266	0.250
4100.000	10.000	1697.266	0.250
4110.000	10.000	1697.266	0.250
4120.000	10.000	1685.547	0.272
4130.000	10.000	1685.547	0.272
4140.000	10.000	1685.547	0.272
4150.000	10.000	1677.734	0.277
4160.000	10.000	1677.734	0.277
4170.000	10.000	1677.734	0.277
4180.000	10.000	1716.797	0.271
4190.000	10.000	1716.797	0.271
4200.000	10.000	1716.797	0.271
4210.000	10.000	1755.859	0.286
4220.000	10.000	1755.859	0.286
4230.000	10.000	1755.859	0.286
4240.000	10.000	1746.094	0.268
4250.000	10.000	1746.094	0.268
4260.000	10.000	1746.094	0.268
4270.000	10.000	1757.812	0.285
4280.000	10.000	1757.812	0.285
4290.000	10.000	1757.812	0.285
4300.000	10.000	1812.500	0.268
4310.000	10.000	1812.500	0.268
4320.000	10.000	1812.500	0.268
4330.000	10.000	1781.250	0.248
4340.000	10.000	1781.250	0.248
4350.000	10.000	1781.250	0.248
4360.000	10.000	1785.156	0.272
4370.000	10.000	1785.156	0.272
4380.000	10.000	1785.156	0.272
4390.000	10.000	1857.422	0.237
4400.000	10.000	1857.422	0.237
4410.000	10.000	1857.422	0.237
4420.000	10.000	1839.844	0.273
4430.000	10.000	1839.844	0.273
4440.000	10.000	1839.844	0.273
4450.000	10.000	1875.000	0.278
4460.000	10.000	1875.000	0.278
4470.000	10.000	1875.000	0.278
4480.000	10.000	1880.859	0.251
4490.000	10.000	1880.859	0.251
4500.000	10.000	1880.859	0.251
4510.000	10.000	1886.719	0.258
4520.000	10.000	1886.719	0.258
4530.000	10.000	1886.719	0.258
4540.000	10.000	1896.484	0.268
4550.000	10.000	1896.484	0.268
4560.000	10.000	1896.484	0.268
4570.000	10.000	1917.969	0.284
4580.000	10.000	1917.969	0.284
4590.000	10.000	1917.969	0.284
4600.000	10.000	1921.875	0.268
4610.000	10.000	1921.875	0.268
4620.000	10.000	1921.875	0.268
4630.000	10.000	1941.406	0.274
4640.000	10.000	1941.406	0.274
4650.000	10.000	1941.406	0.274
4660.000	10.000	1953.125	0.278
4670.000	10.000	1953.125	0.278
4680.000	10.000	1953.125	0.278
4690.000	10.000	1960.937	0.274
4700.000	10.000	1960.937	0.274
4710.000	10.000	1960.937	0.274
4720.000	10.000	1984.375	0.261
4730.000	10.000	1984.375	0.261
4740.000	10.000	1984.375	0.261
4750.000	10.000	2007.812	0.262
4760.000	10.000	2007.812	0.262
4770.000	10.000	2007.812	0.262
4780.000	10.000	1968.750	0.280
4790.000	10.000	1968.750	0.280
4800.000	10.000	1968.750	0.280
4810.000	10.000	2009.766	0.263
4820.000	10.000	2009.766	0.263
4830.000	10.000	2009.766	0.263
4840.000	10.000	2058.594	0.269
4850.000	10.000	2058.594	0.269
4860.000	10.000	2058.594	0.269
4870.000	10.000	2037.109	0.254
4880.000	10.000	2037.109	0.254
4890.000	10.000	2037.109	0.254
4900.000	10.000	2054.687	0.262
4910.000	10.000	2054.687	0.262
4920.000	10.000	2054.687	0.262
4930.000	10.000	2103.516	0.271
4940.000	10.000	2103.516	0.271
4950.000	10.000	2103.516	0.271
4960.000	10.000	2103.516	0.270
4970.000	10.000	2103.516	0.270
4980.000	10.000	2103.516	0.270
4990.000	10.000	2072.266	0.287
5000.000	10.000	2072.266	0.287
5010.000	10.000	2072.266	0.287
5020.000	10.000	2105.469	0.260
5030.000	10.000	2105.469	0.260
5040.000	10.000	2105.469	0.260
5050.000	10.000	2089.844	0.276
5060.000	10.000	2089.844	0.276
5070.000	10.000	2089.844	0.276
5080.000	10.000	2132.812	0.273
5090.000	10.000	2132.812	0.273
5100.000	10.000	2132.812	0.273
5110.000	10.000	2173.828	0.270
5120.000	10.000	2173.828	0.270
5130.000	10.000	2173.828	0.270
5140.000	10.000	2158.203	0.293
5150.000	10.000	2158.203	0.293
5160.000	10.000	2158.203	0.293
5170.000	10.000	2189.453	0.263
5180.000	10.000	2189.453	0.263
5190.000	10.000	2189.453	0.263
5200.000	10.000	2199.219	0.277
5210.000	10.000	2199.219	0.277
5220.000	10.000	2199.219	0.277
5230.000	10.000	2205.078	0.281
5240.000	10.000	2205.078	0.281
5250.000	10.000	2205.078	0.281
5260.000	10.000	2203.125	0.263
5270.000	10.000	2203.125	0.263
5280.000	10.000	2203.125	0.263
5290.000	10.000	2248.047	0.251
5300.000	10.000	2248.047	0.251
5310.000	10.000	2248.047	0.251
5320.000	10.000	2216.797	0.263
5330.000	10.000	2216.797	0.263
5340.000	10.000	2216.797	0.263
5350.000	10.000	2285.156	0.275
5360.000	10.000	2285.156	0.275
5370.000	10.000	2285.156	0.275
5380.000	10.000	2279.297	0.285
5390.000	10.000	2279.297	0.285
5400.000	10.000	2279.297	0.285
5410.000	10.000	2255.859	0.267
5420.000	10.000	2255.859	0.267
5430.000	10.000	2255.859	0.267
5440.000	10.000	2320.312	0.261
5450.000	10.000	2320.312	0.261
5460.000	10.000	2320.312	0.261
5470.000	10.000	2308.594	0.269
5480.000	10.000	2308.594	0.269
5490.000	10.000	2308.594	0.269
5500.000	10.000	2306.641	0.272
5510.000	10.000	2306.641	0.272
5520.000	10.000	2306.641	0.272
5530.000	10.000	2359.375	0.271
5540.000	10.000	2359.375	0.271
5550.000	10.000	2359.375	0.271
5560.000	10.000	2371.094	0.284
5570.000	10.000	2371.094	0.284
5580.000	10.000	2371.094	0.284
5590.000	10.000	2371.094	0.280
5600.000	10.000	2371.094	0.280
5610.000	10.000	2371.094	0.280
5620.000	10.000	2375.000	0.279
5630.000	10.000	2375.000	0.279
5640.000	10.000	2375.000	0.279
5650.000	10.000	2386.719	0.285
5660.000	10.000	2386.719	0.285
5670.000	10.000	2386.719	0.285
5680.000	10.000	2394.531	0.246
5690.000	10.000	2394.531	0.246
5700.000	10.000	2394.531	0.246
5710.000	10.000	2404.297	0.267
5720.000	10.000	2404.297	0.267
5730.000	10.000	2404.297	0.267
5740.000	10.000	2445.312	0.259
5750.000	10.000	2445.312	0.259
5760.000	10.000	2445.312	0.259
5770.000	10.000	2462.891	0.284
5780.000	10.000	2462.891	0.284
5790.000	10.000	2462.891	0.284
5800.000	10.000	2460.937	0.282
5810.000	10.000	2460.937	0.282
5820.000	10.000	2460.937	0.282
5830.000	10.000	2484.375	0.266
5840.000	10.000	2484.375	0.266
5850.000	10.000	2484.375	0.266
5860.000	10.000	2500.000	0.264
5870.000	10.000	2500.000	0.264
5880.000	10.000	2500.000	0.264
5890.000	10.000	2492.187	0.270
5900.000	10.000	2492.187	0.270
5910.000	10.000	2492.187	0.270
5920.000	10.000	2527.344	0.270
5930.000	10.000	2527.344	0.270
5940.000	10.000	2527.344	0.270
5950.000	10.000	2484.375	0.287
5960.000	10.000	2484.375	0.287
5970.000	10.000	2484.375	0.287
5980.000	10.000	2554.687	0.271
5990.000	10.000	2554.687	0.271
6000.000	10.000	2554.687	0.271
6010.000	10.000	2513.672	0.269
6020.000	10.000	2513.672	0.269
6030.000	10.000	2513.672	0.269
6040.000	10.000	2546.875	0.245
6050.000	10.000	2546.875	0.245
6060.000	10.000	2546.875	0.245
6070.000	10.000	2568.359	0.278
6080.000	10.000	2568.359	0.278
6090.000	10.000	2568.359	0.278
6100.000	10.000	2564.453	0.123
6110.000	10.000	2564.453	0.123
6120.000	10.000	2564.453	0.123
6130.000	10.000	2576.172	0.036
6140.000	10.000	2576.172	0.036
6150.000	10.000	2576.172	0.036
6160.000	10.000	2570.312	-0.004
6170.000	10.000	2570.312	-0.004
6180.000	10.000	2570.312	-0.004
6190.000	10.000	2550.781	-0.015
6200.000	10.000	2550.781	-0.015
6210.000	10.000	2550.781	-0.015
6220.000	10.000	2498.047	-0.015
6230.000	10.000	2498.047	-0.015
6240.000	10.000	2498.047	-0.015
6250.000	10.000	2529.297	-0.002
6260.000	10.000	2529.297	-0.002
6270.000	10.000	2529.297	-0.002
6280.000	10.000	2519.531	-0.021
6290.000	10.000	2519.531	-0.021
6300.000	10.000	2519.531	-0.021
6310.000	10.000	2466.797	-0.016
6320.000	10.000	2466.797	-0.016
6330.000	10.000	2466.797	-0.016
6340.000	10.000	2494.141	-0.021
6350.000	10.000	2494.141	-0.021
6360.000	10.000	2494.141	-0.021
6370.000	10.000	2474.609	-0.029
6380.000	10.000	2474.609	-0.029
6390.000	10.000	2474.609	-0.029
6400.000	10.000	2447.266	-0.016
6410.000	10.000	2447.266	-0.016
6420.000	10.000	2447.266	-0.016
6430.000	10.000	2414.062	-0.027
6440.000	10.000	2414.062	-0.027
6450.000	10.000	2414.062	-0.027
6460.000	10.000	2429.687	-0.025
6470.000	10.000	2429.687	-0.025
6480.000	10.000	2429.687	-0.025
6490.000	10.000	2417.969	-0.032
6500.000	10.000	2417.969	-0.032
6510.000	10.000	2417.969	-0.032
6520.000	10.000	2378.906	-0.033
6530.000	10.000	2378.906	-0.033
6540.000	10.000	2378.906	-0.033
6550.000	10.000	2373.047	-0.023
6560.000	10.000	2373.047	-0.023
6570.000	10.000	2373.047	-0.023
6580.000	10.000	2406.250	-0.013
6590.000	10.000	2406.250	-0.013
6600.000	10.000	2406.250	-0.013
6610.000	10.000	2378.906	-0.038
6620.000	10.000	2378.906	-0.038
6630.000	10.000	2378.906	-0.038
6640.000	10.000	2367.187	-0.021
6650.000	10.000	2367.187	-0.021
6660.000	10.000	2367.187	-0.021
6670.000	10.000	2298.828	-0.010
6680.000	10.000	2298.828	-0.010
6690.000	10.000	2298.828	-0.010
6700.000	10.000	2292.969	-0.036
6710.000	10.000	2292.969	-0.036
6720.000	10.000	2292.969	-0.036
6730.000	10.000	2298.828	-0.041
6740.000	10.000	2298.828	-0.041
6750.000	10.000	2298.828	-0.041
6760.000	10.000	2283.203	-0.023
6770.000	10.000	2283.203	-0.023
6780.000	10.000	2283.203	-0.023
6790.000	10.000	2265.625	-0.035
6800.000	10.000	2265.625	-0.035
6810.000	10.000	2265.625	-0.035
6820.000	10.000	2248.047	-0.013
6830.000	10.000	2248.047	-0.013
6840.000	10.000	2248.047	-0.013
6850.000	10.000	2232.422	-0.034
6860.000	10.000	2232.422	-0.034
6870.000	10.000	2232.422	-0.034
6880.000	10.000	2257.812	-0.028
6890.000	10.000	2257.812	-0.028
6900.000	10.000	2257.812	-0.028
6910.000	10.000	2214.844	-0.045
6920.000	10.000	2214.844	-0.045
6930.000	10.000	2214.844	-0.045
6940.000	10.000	2191.406	-0.026
6950.000	10.000	2191.406	-0.026
6960.000	10.000	2191.406	-0.026
6970.000	10.000	2185.547	-0.032
6980.000	10.000	2185.547	-0.032
6990.000	10.000	2185.547	-0.032
7000.000	10.000	2199.219	-0.006
7010.000	10.000	2199.219	-0.006
7020.000	10.000	2199.219	-0.006
