%Time [ms]	Commanded Torque [mNm]	Angular Velocity [RPM]	Actual Current [Amp]	%2/24/202610:20 AM
0.000	0.000	0.000	0.000
20.000	14.000	80.078	0.016
30.000	14.000	93.750	0.009
40.000	14.000	93.750	0.009
50.000	14.000	93.750	0.009
60.000	14.000	70.312	0.038
70.000	14.000	70.312	0.038
80.000	14.000	70.312	0.038
90.000	14.000	48.828	0.037
100.000	14.000	48.828	0.037
110.000	14.000	48.828	0.037
120.000	14.000	64.453	0.029
130.000	14.000	64.453	0.029
140.000	14.000	64.453	0.029
150.000	14.000	91.797	0.022
160.000	14.000	91.797	0.022
170.000	14.000	91.797	0.022
180.000	14.000	83.984	0.018
190.000	14.000	83.984	0.018
200.000	14.000	83.984	0.018
210.000	14.000	58.594	0.003
220.000	14.000	58.594	0.003
230.000	14.000	58.594	0.003
240.000	14.000	48.828	0.033
250.000	14.000	48.828	0.033
260.000	14.000	48.828	0.033
270.000	14.000	64.453	0.031
280.000	14.000	64.453	0.031
290.000	14.000	64.453	0.031
300.000	14.000	56.641	0.040
310.000	14.000	56.641	0.040
320.000	14.000	56.641	0.040
330.000	14.000	87.891	0.022
340.000	14.000	87.891	0.022
350.000	14.000	87.891	0.022
360.000	14.000	54.687	0.037
370.000	14.000	54.687	0.037
380.000	14.000	54.687	0.037
390.000	14.000	74.219	0.035
400.000	14.000	74.219	0.035
410.000	14.000	74.219	0.035
420.000	14.000	82.031	0.017
430.000	14.000	82.031	0.017
440.000	14.000	82.031	0.017
450.000	14.000	60.547	0.040
460.000	14.000	60.547	0.040
470.000	14.000	60.547	0.040
480.000	14.000	74.219	0.030
490.000	14.000	74.219	0.030
500.000	14.000	74.219	0.030
510.000	14.000	58.594	0.041
520.000	14.000	58.594	0.041
530.000	14.000	58.594	0.041
540.000	14.000	80.078	0.011
550.000	14.000	80.078	0.011
560.000	14.000	80.078	0.011
570.000	14.000	87.891	0.017
580.000	14.000	87.891	0.017
590.000	14.000	87.891	0.017
600.000	14.000	56.641	0.034
610.000	14.000	56.641	0.034
620.000	14.000	56.641	0.034
630.000	14.000	52.734	0.043
640.000	14.000	52.734	0.043
650.000	14.000	52.734	0.043
660.000	14.000	70.312	0.026
670.000	14.000	70.312	0.026
680.000	14.000	70.312	0.026
690.000	14.000	82.031	0.026
700.000	14.000	82.031	0.026
710.000	14.000	82.031	0.026
720.000	14.000	82.031	0.023
730.000	14.000	82.031	0.023
740.000	14.000	82.031	0.023
750.000	14.000	91.797	0.023
760.000	14.000	91.797	0.023
770.000	14.000	91.797	0.023
780.000	14.000	52.734	0.025
790.000	14.000	52.734	0.025
800.000	14.000	52.734	0.025
810.000	14.000	80.078	0.021
820.000	14.000	80.078	0.021
830.000	14.000	80.078	0.021
840.000	14.000	97.656	0.033
850.000	14.000	97.656	0.033
860.000	14.000	97.656	0.033
870.000	14.000	54.687	0.021
880.000	14.000	54.687	0.021
890.000	14.000	54.687	0.021
900.000	14.000	56.641	0.033
910.000	14.000	56.641	0.033
920.000	14.000	56.641	0.033
930.000	14.000	82.031	0.038
940.000	14.000	82.031	0.038
950.000	14.000	82.031	0.038
960.000	14.000	85.937	0.042
970.000	14.000	85.937	0.042
980.000	14.000	85.937	0.042
990.000	14.000	72.266	0.018
1000.000	14.000	72.266	0.018
1010.000	14.000	72.266	0.018
1020.000	14.000	52.734	0.009
1030.000	14.000	52.734	0.009
1040.000	14.000	52.734	0.009
1050.000	14.000	83.984	0.020
1060.000	14.000	83.984	0.020
1070.000	14.000	83.984	0.020
1080.000	14.000	83.984	0.019
1090.000	14.000	83.984	0.019
1100.000	14.000	83.984	0.019
1110.000	14.000	46.875	0.240
1120.000	14.000	46.875	0.240
1130.000	14.000	46.875	0.240
1140.000	14.000	62.500	0.356
1150.000	14.000	62.500	0.356
1160.000	14.000	62.500	0.356
1170.000	14.000	89.844	0.382
1180.000	14.000	89.844	0.382
1190.000	14.000	89.844	0.382
1200.000	14.000	152.344	0.415
1210.000	14.000	152.344	0.415
1220.000	14.000	152.344	0.415
1230.000	14.000	160.156	0.445
1240.000	14.000	160.156	0.445
1250.000	14.000	160.156	0.445
1260.000	14.000	240.234	0.442
1270.000	14.000	240.234	0.442
1280.000	14.000	240.234	0.442
1290.000	14.000	240.234	0.429
1300.000	14.000	240.234	0.429
1310.000	14.000	240.234	0.429
1320.000	14.000	273.437	0.441
1330.000	14.000	273.437	0.441
1340.000	14.000	273.437	0.441
1350.000	14.000	332.031	0.439
1360.000	14.000	332.031	0.439
1370.000	14.000	332.031	0.439
1380.000	14.000	326.172	0.436
1390.000	14.000	326.172	0.436
1400.000	14.000	326.172	0.436
1410.000	14.000	375.000	0.435
1420.000	14.000	375.000	0.435
1430.000	14.000	375.000	0.435
1440.000	14.000	406.250	0.430
1450.000	14.000	406.250	0.430
1460.000	14.000	406.250	0.430
1470.000	14.000	410.156	0.422
1480.000	14.000	410.156	0.422
1490.000	14.000	410.156	0.422
1500.000	14.000	458.984	0.450
1510.000	14.000	458.984	0.450
1520.000	14.000	458.984	0.450
1530.000	14.000	476.562	0.431
1540.000	14.000	476.562	0.431
1550.000	14.000	476.562	0.431
1560.000	14.000	509.766	0.440
1570.000	14.000	509.766	0.440
1580.000	14.000	509.766	0.440
1590.000	14.000	574.219	0.457
1600.000	14.000	574.219	0.457
1610.000	14.000	574.219	0.457
1620.000	14.000	587.891	0.442
1630.000	14.000	587.891	0.442
1640.000	14.000	587.891	0.442
1650.000	14.000	597.656	0.430
1660.000	14.000	597.656	0.430
1670.000	14.000	597.656	0.430
1680.000	14.000	626.953	0.450
1690.000	14.000	626.953	0.450
1700.000	14.000	626.953	0.450
1710.000	14.000	638.672	0.425
1720.000	14.000	638.672	0.425
1730.000	14.000	638.672	0.425
1740.000	14.000	695.312	0.437
1750.000	14.000	695.312	0.437
1760.000	14.000	695.312	0.437
1770.000	14.000	730.469	0.444
1780.000	14.000	730.469	0.444
1790.000	14.000	730.469	0.444
1800.000	14.000	757.812	0.445
1810.000	14.000	757.812	0.445
1820.000	14.000	757.812	0.445
1830.000	14.000	783.203	0.436
1840.000	14.000	783.203	0.436
1850.000	14.000	783.203	0.436
1860.000	14.000	785.156	0.454
1870.000	14.000	785.156	0.454
1880.000	14.000	785.156	0.454
1890.000	14.000	851.562	0.418
1900.000	14.000	851.562	0.418
1910.000	14.000	851.562	0.418
1920.000	14.000	867.187	0.431
1930.000	14.000	867.187	0.431
1940.000	14.000	867.187	0.431
1950.000	14.000	912.109	0.432
1960.000	14.000	912.109	0.432
1970.000	14.000	912.109	0.432
1980.000	14.000	914.062	0.457
1990.000	14.000	914.062	0.457
2000.000	14.000	914.062	0.457
2010.000	14.000	960.937	0.462
2020.000	14.000	960.937	0.462
2030.000	14.000	960.937	0.462
2040.000	14.000	960.937	0.422
2050.000	14.000	960.937	0.422
2060.000	14.000	960.937	0.422
2070.000	14.000	1001.953	0.449
2080.000	14.000	1001.953	0.449
2090.000	14.000	1001.953	0.449
2100.000	14.000	1042.969	0.449
2110.000	14.000	1042.969	0.449
2120.000	14.000	1042.969	0.449
2130.000	14.000	1080.078	0.455
2140.000	14.000	1080.078	0.455
2150.000	14.000	1080.078	0.455
2160.000	14.000	1082.031	0.442
2170.000	14.000	1082.031	0.442
2180.000	14.000	1082.031	0.442
2190.000	14.000	1134.766	0.457
2200.000	14.000	1134.766	0.457
2210.000	14.000	1134.766	0.457
2220.000	14.000	1156.250	0.421
2230.000	14.000	1156.250	0.421
2240.000	14.000	1156.250	0.421
2250.000	14.000	1166.016	0.439
2260.000	14.000	1166.016	0.439
2270.000	14.000	1166.016	0.439
2280.000	14.000	1208.984	0.448
2290.000	14.000	1208.984	0.448
2300.000	14.000	1208.984	0.448
2310.000	14.000	1228.516	0.455
2320.000	14.000	1228.516	0.455
2330.000	14.000	1228.516	0.455
2340.000	14.000	1251.953	0.441
2350.000	14.000	1251.953	0.441
2360.000	14.000	1251.953	0.441
2370.000	14.000	1320.312	0.455
2380.000	14.000	1320.312	0.455
2390.000	14.000	1320.312	0.455
2400.000	14.000	1322.266	0.441
2410.000	14.000	1322.266	0.441
2420.000	14.000	1322.266	0.441
2430.000	14.000	1359.375	0.429
2440.000	14.000	1359.375	0.429
2450.000	14.000	1359.375	0.429
2460.000	14.000	1394.531	0.437
2470.000	14.000	1394.531	0.437
2480.000	14.000	1394.531	0.437
2490.000	14.000	1394.531	0.447
2500.000	14.000	1394.531	0.447
2510.000	14.000	1394.531	0.447
2520.000	14.000	1468.750	0.455
2530.000	14.000	1468.750	0.455
2540.000	14.000	1468.750	0.455
2550.000	14.000	1466.797	0.446
2560.000	14.000	1466.797	0.446
2570.000	14.000	1466.797	0.446
2580.000	14.000	1498.047	0.452
2590.000	14.000	1498.047	0.452
2600.000	14.000	1498.047	0.452
2610.000	14.000	1521.484	0.446
2620.000	14.000	1521.484	0.446
2630.000	14.000	1521.484	0.446
2640.000	14.000	1509.766	0.440
2650.000	14.000	1509.766	0.440
2660.000	14.000	1509.766	0.440
2670.000	14.000	1558.594	0.445
2680.000	14.000	1558.594	0.445
2690.000	14.000	1558.594	0.445
2700.000	14.000	1609.375	0.429
2710.000	14.000	1609.375	0.429
2720.000	14.000	1609.375	0.429
2730.000	14.000	1630.859	0.443
2740.000	14.000	1630.859	0.443
2750.000	14.000	1630.859	0.443
2760.000	14.000	1623.047	0.456
2770.000	14.000	1623.047	0.456
2780.000	14.000	1623.047	0.456
2790.000	14.000	1664.062	0.429
2800.000	14.000	1664.062	0.429
2810.000	14.000	1664.062	0.429
2820.000	14.000	1716.797	0.450
2830.000	14.000	1716.797	0.450
2840.000	14.000	1716.797	0.450
2850.000	14.000	1710.937	0.428
2860.000	14.000	1710.937	0.428
2870.000	14.000	1710.937	0.428
2880.000	14.000	1736.328	0.441
2890.000	14.000	1736.328	0.441
2900.000	14.000	1736.328	0.441
2910.000	14.000	1767.578	0.450
2920.000	14.000	1767.578	0.450
2930.000	14.000	1767.578	0.450
2940.000	14.000	1812.500	0.446
2950.000	14.000	1812.500	0.446
2960.000	14.000	1812.500	0.446
2970.000	14.000	1806.641	0.439
2980.000	14.000	1806.641	0.439
2990.000	14.000	1806.641	0.439
3000.000	14.000	1853.516	0.419
3010.000	14.000	1853.516	0.419
3020.000	14.000	1853.516	0.419
3030.000	14.000	1855.469	0.428
3040.000	14.000	1855.469	0.428
3050.000	14.000	1855.469	0.428
3060.000	14.000	1917.969	0.455
3070.000	14.000	1917.969	0.455
3080.000	14.000	1917.969	0.455
3090.000	14.000	1917.969	0.416
3100.000	14.000	1917.969	0.416
3110.000	14.000	1917.969	0.416
3120.000	14.000	1962.891	0.429
3130.000	14.000	1962.891	0.429
3140.000	14.000	1962.891	0.429
3150.000	14.000	1982.422	0.417
3160.000	14.000	1982.422	0.417
3170.000	14.000	1982.422	0.417
3180.000	14.000	2000.000	0.444
3190.000	14.000	2000.000	0.444
3200.000	14.000	2000.000	0.444
3210.000	14.000	2037.109	0.424
3220.000	14.000	2037.109	0.424
3230.000	14.000	2037.109	0.424
3240.000	14.000	2066.406	0.439
3250.000	14.000	2066.406	0.439
3260.000	14.000	2066.406	0.439
3270.000	14.000	2087.891	0.412
3280.000	14.000	2087.891	0.412
3290.000	14.000	2087.891	0.412
3300.000	14.000	2107.422	0.428
3310.000	14.000	2107.422	0.428
3320.000	14.000	2107.422	0.428
3330.000	14.000	2138.672	0.447
3340.000	14.000	2138.672	0.447
3350.000	14.000	2138.672	0.447
3360.000	14.000	2117.187	0.417
3370.000	14.000	2117.187	0.417
3380.000	14.000	2117.187	0.417
3390.000	14.000	2189.453	0.422
3400.000	14.000	2189.453	0.422
3410.000	14.000	2189.453	0.422
3420.000	14.000	2201.172	0.425
3430.000	14.000	2201.172	0.425
3440.000	14.000	2201.172	0.425
3450.000	14.000	2238.281	0.437
3460.000	14.000	2238.281	0.437
3470.000	14.000	2238.281	0.437
3480.000	14.000	2222.656	0.455
3490.000	14.000	2222.656	0.455
3500.000	14.000	2222.656	0.455
3510.000	14.000	2292.969	0.425
3520.000	14.000	2292.969	0.425
3530.000	14.000	2292.969	0.425
3540.000	14.000	2304.687	0.441
3550.000	14.000	2304.687	0.441
3560.000	14.000	2304.687	0.441
3570.000	14.000	2300.781	0.416
3580.000	14.000	2300.781	0.416
3590.000	14.000	2300.781	0.416
3600.000	14.000	2345.703	0.411
3610.000	14.000	2345.703	0.411
3620.000	14.000	2345.703	0.411
3630.000	14.000	2410.156	0.434
3640.000	14.000	2410.156	0.434
3650.000	14.000	2410.156	0.434
3660.000	14.000	2394.531	0.448
3670.000	14.000	2394.531	0.448
3680.000	14.000	2394.531	0.448
3690.000	14.000	2421.875	0.444
3700.000	14.000	2421.875	0.444
3710.000	14.000	2421.875	0.444
3720.000	14.000	2439.453	0.437
3730.000	14.000	2439.453	0.437
3740.000	14.000	2439.453	0.437
3750.000	14.000	2480.469	0.447
3760.000	14.000	2480.469	0.447
3770.000	14.000	2480.469	0.447
3780.000	14.000	2494.141	0.432
3790.000	14.000	2494.141	0.432
3800.000	14.000	2494.141	0.432
3810.000	14.000	2535.156	0.448
3820.000	14.000	2535.156	0.448
3830.000	14.000	2535.156	0.448
3840.000	14.000	2562.500	0.457
3850.000	14.000	2562.500	0.457
3860.000	14.000	2562.500	0.457
3870.000	14.000	2591.797	0.429
3880.000	14.000	2591.797	0.429
3890.000	14.000	2591.797	0.429
3900.000	14.000	2601.562	0.443
3910.000	14.000	2601.562	0.443
3920.000	14.000	2601.562	0.443
3930.000	14.000	2601.562	0.437
3940.000	14.000	2601.562	0.437
3950.000	14.000	2601.562	0.437
3960.000	14.000	2662.109	0.425
3970.000	14.000	2662.109	0.425
3980.000	14.000	2662.109	0.425
3990.000	14.000	2595.703	0.433
4000.000	14.000	2595.703	0.433
4010.000	14.000	2595.703	0.433
4020.000	14.000	2687.500	0.424
4030.000	14.000	2687.500	0.424
4040.000	14.000	2687.500	0.424
4050.000	14.000	2705.078	0.446
4060.000	14.000	2705.078	0.446
4070.000	14.000	2705.078	0.446
4080.000	14.000	2730.469	0.459
4090.000	14.000	2730.469	0.459
4100.000	14.000	2730.469	0.459
4110.000	14.000	2751.953	0.440
4120.000	14.000	2751.953	0.440
4130.000	14.000	2751.953	0.440
4140.000	14.000	2800.781	0.443
4150.000	14.000	2800.781	0.443
4160.000	14.000	2800.781	0.443
4170.000	14.000	2814.453	0.440
4180.000	14.000	2814.453	0.440
4190.000	14.000	2814.453	0.440
4200.000	14.000	2839.844	0.451
4210.000	14.000	2839.844	0.451
4220.000	14.000	2839.844	0.451
4230.000	14.000	2855.469	0.455
4240.000	14.000	2855.469	0.455
4250.000	14.000	2855.469	0.455
4260.000	14.000	2857.422	0.438
4270.000	14.000	2857.422	0.438
4280.000	14.000	2857.422	0.438
4290.000	14.000	2867.187	0.438
4300.000	14.000	2867.187	0.438
4310.000	14.000	2867.187	0.438
4320.000	14.000	2974.609	0.439
4330.000	14.000	2974.609	0.439
4340.000	14.000	2974.609	0.439
4350.000	14.000	2941.406	0.435
4360.000	14.000	2941.406	0.435
4370.000	14.000	2941.406	0.435
4380.000	14.000	2949.219	0.431
4390.000	14.000	2949.219	0.431
4400.000	14.000	2949.219	0.431
4410.000	14.000	3017.578	0.433
4420.000	14.000	3017.578	0.433
4430.000	14.000	3017.578	0.433
4440.000	14.000	3000.000	0.442
4450.000	14.000	3000.000	0.442
4460.000	14.000	3000.000	0.442
4470.000	14.000	3011.719	0.408
4480.000	14.000	3011.719	0.408
4490.000	14.000	3011.719	0.408
4500.000	14.000	3074.219	0.444
4510.000	14.000	3074.219	0.444
4520.000	14.000	3074.219	0.444
4530.000	14.000	3087.891	0.447
4540.000	14.000	3087.891	0.447
4550.000	14.000	3087.891	0.447
4560.000	14.000	3085.937	0.437
4570.000	14.000	3085.937	0.437
4580.000	14.000	3085.937	0.437
4590.000	14.000	3132.812	0.422
4600.000	14.000	3132.812	0.422
4610.000	14.000	3132.812	0.422
4620.000	14.000	3152.344	0.437
4630.000	14.000	3152.344	0.437
4640.000	14.000	3152.344	0.437
4650.000	14.000	3140.625	0.432
4660.000	14.000	3140.625	0.432
4670.000	14.000	3140.625	0.432
4680.000	14.000	3187.500	0.442
4690.000	14.000	3187.500	0.442
4700.000	14.000	3187.500	0.442
4710.000	14.000	3214.844	0.430
4720.000	14.000	3214.844	0.430
4730.000	14.000	3214.844	0.430
4740.000	14.000	3214.844	0.437
4750.000	14.000	3214.844	0.437
4760.000	14.000	3214.844	0.437
4770.000	14.000	3257.812	0.414
4780.000	14.000	3257.812	0.414
4790.000	14.000	3257.812	0.414
4800.000	14.000	3257.812	0.460
4810.000	14.000	3257.812	0.460
4820.000	14.000	3257.812	0.460
4830.000	14.000	3306.641	0.442
4840.000	14.000	3306.641	0.442
4850.000	14.000	3306.641	0.442
4860.000	14.000	3322.266	0.425
4870.000	14.000	3322.266	0.425
4880.000	14.000	3322.266	0.425
4890.000	14.000	3298.828	0.442
4900.000	14.000	3298.828	0.442
4910.000	14.000	3298.828	0.442
4920.000	14.000	3371.094	0.436
4930.000	14.000	3371.094	0.436
4940.000	14.000	3371.094	0.436
4950.000	14.000	3380.859	0.432
4960.000	14.000	3380.859	0.432
4970.000	14.000	3380.859	0.432
4980.000	14.000	3414.062	0.427
4990.000	14.000	3414.062	0.427
5000.000	14.000	3414.062	0.427
5010.000	14.000	3398.437	0.442
5020.000	14.000	3398.437	0.442
5030.000	14.000	3398.437	0.442
5040.000	14.000	3458.984	0.428
5050.000	14.000	3458.984	0.428
5060.000	14.000	3458.984	0.428
5070.000	14.000	3500.000	0.450
5080.000	14.000	3500.000	0.450
5090.000	14.000	3500.000	0.450
5100.000	14.000	3529.297	0.446
5110.000	14.000	3529.297	0.446
5120.000	14.000	3529.297	0.446
5130.000	14.000	3513.672	0.443
5140.000	14.000	3513.672	0.443
5150.000	14.000	3513.672	0.443
5160.000	14.000	3529.297	0.420
5170.000	14.000	3529.297	0.420
5180.000	14.000	3529.297	0.420
5190.000	14.000	3566.406	0.455
5200.000	14.000	3566.406	0.455
5210.000	14.000	3566.406	0.455
5220.000	14.000	3562.500	0.445
5230.000	14.000	3562.500	0.445
5240.000	14.000	3562.500	0.445
5250.000	14.000	3582.031	0.417
5260.000	14.000	3582.031	0.417
5270.000	14.000	3582.031	0.417
5280.000	14.000	3603.516	0.415
5290.000	14.000	3603.516	0.415
5300.000	14.000	3603.516	0.415
5310.000	14.000	3630.859	0.415
5320.000	14.000	3630.859	0.415
5330.000	14.000	3630.859	0.415
5340.000	14.000	3640.625	0.414
5350.000	14.000	3640.625	0.414
5360.000	14.000	3640.625	0.414
5370.000	14.000	3718.750	0.457
5380.000	14.000	3718.750	0.457
5390.000	14.000	3718.750	0.457
5400.000	14.000	3705.078	0.439
5410.000	14.000	3705.078	0.439
5420.000	14.000	3705.078	0.439
5430.000	14.000	3671.875	0.437
5440.000	14.000	3671.875	0.437
5450.000	14.000	3671.875	0.437
5460.000	14.000	3767.578	0.450
5470.000	14.000	3767.578	0.450
5480.000	14.000	3767.578	0.450
5490.000	14.000	3748.047	0.439
5500.000	14.000	3748.047	0.439
5510.000	14.000	3748.047	0.439
5520.000	14.000	3802.734	0.428
5530.000	14.000	3802.734	0.428
5540.000	14.000	3802.734	0.428
5550.000	14.000	3806.641	0.418
5560.000	14.000	3806.641	0.418
5570.000	14.000	3806.641	0.418
5580.000	14.000	3843.750	0.431
5590.000	14.000	3843.750	0.431
5600.000	14.000	3843.750	0.431
5610.000	14.000	3871.094	0.451
5620.000	14.000	3871.094	0.451
5630.000	14.000	3871.094	0.451
5640.000	14.000	3892.578	0.427
5650.000	14.000	3892.578	0.427
5660.000	14.000	3892.578	0.427
5670.000	14.000	3867.187	0.438
5680.000	14.000	3867.187	0.438
5690.000	14.000	3867.187	0.438
5700.000	14.000	3917.969	0.427
5710.000	14.000	3917.969	0.427
5720.000	14.000	3917.969	0.427
5730.000	14.000	3927.734	0.427
5740.000	14.000	3927.734	0.427
5750.000	14.000	3927.734	0.427
5760.000	14.000	3941.406	0.429
5770.000	14.000	3941.406	0.429
5780.000	14.000	3941.406	0.429
5790.000	14.000	3974.609	0.423
5800.000	14.000	3974.609	0.423
5810.000	14.000	3974.609	0.423
5820.000	14.000	3998.047	0.431
5830.000	14.000	3998.047	0.431
5840.000	14.000	3998.047	0.431
5850.000	14.000	3998.047	0.436
5860.000	14.000	3998.047	0.436
5870.000	14.000	3998.047	0.436
5880.000	14.000	3998.047	0.437
5890.000	14.000	3998.047	0.437
5900.000	14.000	3998.047	0.437
5910.000	14.000	3998.047	0.427
5920.000	14.000	3998.047	0.427
5930.000	14.000	3998.047	0.427
5940.000	14.000	3998.047	0.434
5950.000	14.000	3998.047	0.434
5960.000	14.000	3998.047	0.434
5970.000	14.000	3998.047	0.437
5980.000	14.000	3998.047	0.437
5990.000	14.000	3998.047	0.437
6000.000	14.000	3998.047	0.439
6010.000	14.000	3998.047	0.439
6020.000	14.000	3998.047	0.439
6030.000	14.000	3998.047	0.420
6040.000	14.000	3998.047	0.420
6050.000	14.000	3998.047	0.420
6060.000	14.000	3998.047	0.422
6070.000	14.000	3998.047	0.422
6080.000	14.000	3998.047	0.422
6090.000	14.000	3998.047	0.429
6100.000	14.000	3998.047	0.429
6110.000	14.000	3998.047	0.429
6120.000	14.000	3998.047	0.201
6130.000	14.000	3998.047	0.201
6140.000	14.000	3998.047	0.201
6150.000	14.000	3998.047	0.116
6160.000	14.000	3998.047	0.116
6170.000	14.000	3998.047	0.116
6180.000	14.000	3998.047	0.057
6190.000	14.000	3998.047	0.057
6200.000	14.000	3998.047	0.057
6210.000	14.000	3998.047	0.026
6220.000	14.000	3998.047	0.026
6230.000	14.000	3998.047	0.026
6240.000	14.000	3998.047	0.027
6250.000	14.000	3998.047	0.027
6260.000	14.000	3998.047	0.027
6270.000	14.000	3998.047	0.041
6280.000	14.000	3998.047	0.041
6290.000	14.000	3998.047	0.041
6300.000	14.000	3998.047	0.021
6310.000	14.000	3998.047	0.021
6320.000	14.000	3998.047	0.021
6330.000	14.000	3998.047	0.013
6340.000	14.000	3998.047	0.013
6350.000	14.000	3998.047	0.013
6360.000	14.000	3998.047	0.017
6370.000	14.000	3998.047	0.017
6380.000	14.000	3998.047	0.017
6390.000	14.000	3998.047	0.027
6400.000	14.000	3998.047	0.027
6410.000	14.000	3998.047	0.027
6420.000	14.000	3998.047	0.036
6430.000	14.000	3998.047	0.036
6440.000	14.000	3998.047	0.036
6450.000	14.000	3988.281	0.014
6460.000	14.000	3988.281	0.014
6470.000	14.000	3988.281	0.014
6480.000	14.000	3990.234	0.012
6490.000	14.000	3990.234	0.012
6500.000	14.000	3990.234	0.012
6510.000	14.000	3976.562	0.009
6520.000	14.000	3976.562	0.009
6530.000	14.000	3976.562	0.009
6540.000	14.000	3941.406	0.021
6550.000	14.000	3941.406	0.021
6560.000	14.000	3941.406	0.021
6570.000	14.000	3927.734	0.016
6580.000	14.000	3927.734	0.016
6590.000	14.000	3927.734	0.016
6600.000	14.000	3927.734	0.021
6610.000	14.000	3927.734	0.021
6620.000	14.000	3927.734	0.021
6630.000	14.000	3871.094	0.021
6640.000	14.000	3871.094	0.021
6650.000	14.000	3871.094	0.021
6660.000	14.000	3892.578	0.016
6670.000	14.000	3892.578	0.016
6680.000	14.000	3892.578	0.016
6690.000	14.000	3865.234	0.013
6700.000	14.000	3865.234	0.013
6710.000	14.000	3865.234	0.013
6720.000	14.000	3859.375	0.019
6730.000	14.000	3859.375	0.019
6740.000	14.000	3859.375	0.019
6750.000	14.000	3806.641	0.009
6760.000	14.000	3806.641	0.009
6770.000	14.000	3806.641	0.009
6780.000	14.000	3820.312	0.013
6790.000	14.000	3820.312	0.013
6800.000	14.000	3820.312	0.013
6810.000	14.000	3824.219	0.027
6820.000	14.000	3824.219	0.027
6830.000	14.000	3824.219	0.027
6840.000	14.000	3779.297	0.017
6850.000	14.000	3779.297	0.017
6860.000	14.000	3779.297	0.017
6870.000	14.000	3781.250	0.021
6880.000	14.000	3781.250	0.021
6890.000	14.000	3781.250	0.021
6900.000	14.000	3773.437	0.041
6910.000	14.000	3773.437	0.041
6920.000	14.000	3773.437	0.041
6930.000	14.000	3699.219	0.030
6940.000	14.000	3699.219	0.030
6950.000	14.000	3699.219	0.030
6960.000	14.000	3738.281	0.014
6970.000	14.000	3738.281	0.014
6980.000	14.000	3738.281	0.014
6990.000	14.000	3714.844	0.016
7000.000	14.000	3714.844	0.016
7010.000	14.000	3714.844	0.016
7020.000	14.000	3681.641	0.006
