%Time [ms]	Commanded Torque [mNm]	Angular Velocity [RPM]	Actual Current [Amp]	%2/17/202610:07 AM
0.000	0.000	0.000	0.000
20.000	15.000	78.125	0.029
30.000	15.000	78.125	0.029
40.000	15.000	82.031	0.032
50.000	15.000	82.031	0.032
60.000	15.000	82.031	0.032
70.000	15.000	91.797	0.047
80.000	15.000	91.797	0.047
90.000	15.000	91.797	0.047
100.000	15.000	64.453	0.030
110.000	15.000	64.453	0.030
120.000	15.000	64.453	0.030
130.000	15.000	56.641	0.043
140.000	15.000	56.641	0.043
150.000	15.000	56.641	0.043
160.000	15.000	82.031	0.047
170.000	15.000	82.031	0.047
180.000	15.000	82.031	0.047
190.000	15.000	72.266	0.045
200.000	15.000	72.266	0.045
210.000	15.000	72.266	0.045
220.000	15.000	83.984	0.051
230.000	15.000	83.984	0.051
240.000	15.000	83.984	0.051
250.000	15.000	64.453	0.035
260.000	15.000	64.453	0.035
270.000	15.000	64.453	0.035
280.000	15.000	83.984	0.040
290.000	15.000	83.984	0.040
300.000	15.000	83.984	0.040
310.000	15.000	87.891	0.056
320.000	15.000	87.891	0.056
330.000	15.000	87.891	0.056
340.000	15.000	54.687	0.046
350.000	15.000	54.687	0.046
360.000	15.000	54.687	0.046
370.000	15.000	58.594	0.034
380.000	15.000	58.594	0.034
390.000	15.000	58.594	0.034
400.000	15.000	44.922	0.034
410.000	15.000	44.922	0.034
420.000	15.000	44.922	0.034
430.000	15.000	70.312	0.039
440.000	15.000	70.312	0.039
450.000	15.000	70.312	0.039
460.000	15.000	85.937	0.041
470.000	15.000	85.937	0.041
480.000	15.000	85.937	0.041
490.000	15.000	56.641	0.021
500.000	15.000	56.641	0.021
510.000	15.000	56.641	0.021
520.000	15.000	76.172	0.039
530.000	15.000	76.172	0.039
540.000	15.000	76.172	0.039
550.000	15.000	83.984	0.047
560.000	15.000	83.984	0.047
570.000	15.000	83.984	0.047
580.000	15.000	56.641	0.031
590.000	15.000	56.641	0.031
600.000	15.000	56.641	0.031
610.000	15.000	46.875	0.037
620.000	15.000	46.875	0.037
630.000	15.000	46.875	0.037
640.000	15.000	85.937	0.043
650.000	15.000	85.937	0.043
660.000	15.000	85.937	0.043
670.000	15.000	76.172	0.028
680.000	15.000	76.172	0.028
690.000	15.000	76.172	0.028
700.000	15.000	80.078	0.051
710.000	15.000	80.078	0.051
720.000	15.000	80.078	0.051
730.000	15.000	46.875	0.017
740.000	15.000	46.875	0.017
750.000	15.000	46.875	0.017
760.000	15.000	103.516	0.050
770.000	15.000	103.516	0.050
780.000	15.000	103.516	0.050
790.000	15.000	74.219	0.031
800.000	15.000	74.219	0.031
810.000	15.000	74.219	0.031
820.000	15.000	62.500	0.030
830.000	15.000	62.500	0.030
840.000	15.000	62.500	0.030
850.000	15.000	85.937	0.062
860.000	15.000	85.937	0.062
870.000	15.000	85.937	0.062
880.000	15.000	50.781	0.021
890.000	15.000	50.781	0.021
900.000	15.000	50.781	0.021
910.000	15.000	58.594	0.021
920.000	15.000	58.594	0.021
930.000	15.000	58.594	0.021
940.000	15.000	80.078	0.048
950.000	15.000	80.078	0.048
960.000	15.000	80.078	0.048
970.000	15.000	89.844	0.043
980.000	15.000	89.844	0.043
990.000	15.000	89.844	0.043
1000.000	15.000	46.875	0.029
1010.000	15.000	46.875	0.029
1020.000	15.000	46.875	0.029
1030.000	15.000	87.891	0.046
1040.000	15.000	87.891	0.046
1050.000	15.000	87.891	0.046
1060.000	15.000	70.312	0.019
1070.000	15.000	70.312	0.019
1080.000	15.000	70.312	0.019
1090.000	15.000	78.125	0.032
1100.000	15.000	78.125	0.032
1110.000	15.000	78.125	0.032
1120.000	15.000	80.078	0.043
1130.000	15.000	80.078	0.043
1140.000	15.000	80.078	0.043
1150.000	15.000	97.656	0.022
1160.000	15.000	97.656	0.022
1170.000	15.000	97.656	0.022
1180.000	15.000	72.266	0.046
1190.000	15.000	72.266	0.046
1200.000	15.000	72.266	0.046
1210.000	15.000	76.172	0.048
1220.000	15.000	76.172	0.048
1230.000	15.000	76.172	0.048
1240.000	15.000	50.781	0.048
1250.000	15.000	50.781	0.048
1260.000	15.000	50.781	0.048
1270.000	15.000	60.547	0.032
1280.000	15.000	60.547	0.032
1290.000	15.000	60.547	0.032
1300.000	15.000	93.750	0.045
1310.000	15.000	93.750	0.045
1320.000	15.000	93.750	0.045
1330.000	15.000	83.984	0.036
1340.000	15.000	83.984	0.036
1350.000	15.000	83.984	0.036
1360.000	15.000	50.781	0.031
1370.000	15.000	50.781	0.031
1380.000	15.000	50.781	0.031
1390.000	15.000	56.641	0.038
1400.000	15.000	56.641	0.038
1410.000	15.000	56.641	0.038
1420.000	15.000	54.687	0.046
1430.000	15.000	54.687	0.046
1440.000	15.000	54.687	0.046
1450.000	15.000	76.172	0.044
1460.000	15.000	76.172	0.044
1470.000	15.000	76.172	0.044
1480.000	15.000	74.219	0.034
1490.000	15.000	74.219	0.034
1500.000	15.000	74.219	0.034
1510.000	15.000	89.844	0.036
1520.000	15.000	89.844	0.036
1530.000	15.000	89.844	0.036
1540.000	15.000	54.687	0.053
1550.000	15.000	54.687	0.053
1560.000	15.000	54.687	0.053
1570.000	15.000	83.984	0.040
1580.000	15.000	83.984	0.040
1590.000	15.000	83.984	0.040
1600.000	15.000	68.359	0.041
1610.000	15.000	68.359	0.041
1620.000	15.000	68.359	0.041
1630.000	15.000	91.797	0.046
1640.000	15.000	91.797	0.046
1650.000	15.000	91.797	0.046
1660.000	15.000	48.828	0.020
1670.000	15.000	48.828	0.020
1680.000	15.000	48.828	0.020
1690.000	15.000	56.641	0.034
1700.000	15.000	56.641	0.034
1710.000	15.000	56.641	0.034
1720.000	15.000	72.266	0.051
1730.000	15.000	72.266	0.051
1740.000	15.000	72.266	0.051
1750.000	15.000	78.125	0.046
1760.000	15.000	78.125	0.046
1770.000	15.000	78.125	0.046
1780.000	15.000	72.266	0.039
1790.000	15.000	72.266	0.039
1800.000	15.000	72.266	0.039
1810.000	15.000	89.844	0.039
1820.000	15.000	89.844	0.039
1830.000	15.000	89.844	0.039
1840.000	15.000	93.750	0.032
1850.000	15.000	93.750	0.032
1860.000	15.000	93.750	0.032
1870.000	15.000	54.687	0.022
1880.000	15.000	54.687	0.022
1890.000	15.000	54.687	0.022
1900.000	15.000	80.078	0.022
1910.000	15.000	80.078	0.022
1920.000	15.000	80.078	0.022
1930.000	15.000	52.734	0.029
1940.000	15.000	52.734	0.029
1950.000	15.000	52.734	0.029
1960.000	15.000	64.453	0.041
1970.000	15.000	64.453	0.041
1980.000	15.000	64.453	0.041
1990.000	15.000	68.359	0.046
2000.000	15.000	68.359	0.046
2010.000	15.000	68.359	0.046
2020.000	15.000	91.797	0.053
2030.000	15.000	91.797	0.053
2040.000	15.000	91.797	0.053
2050.000	15.000	54.687	0.027
2060.000	15.000	54.687	0.027
2070.000	15.000	54.687	0.027
2080.000	15.000	60.547	0.040
2090.000	15.000	60.547	0.040
2100.000	15.000	60.547	0.040
2110.000	15.000	82.031	0.034
2120.000	15.000	82.031	0.034
2130.000	15.000	82.031	0.034
2140.000	15.000	52.734	0.038
2150.000	15.000	52.734	0.038
2160.000	15.000	52.734	0.038
2170.000	15.000	95.703	0.053
2180.000	15.000	95.703	0.053
2190.000	15.000	95.703	0.053
2200.000	15.000	56.641	0.030
2210.000	15.000	56.641	0.030
2220.000	15.000	56.641	0.030
2230.000	15.000	46.875	0.019
2240.000	15.000	46.875	0.019
2250.000	15.000	46.875	0.019
2260.000	15.000	93.750	0.044
2270.000	15.000	93.750	0.044
2280.000	15.000	93.750	0.044
2290.000	15.000	85.937	0.018
2300.000	15.000	85.937	0.018
2310.000	15.000	85.937	0.018
2320.000	15.000	58.594	0.043
2330.000	15.000	58.594	0.043
2340.000	15.000	58.594	0.043
2350.000	15.000	76.172	0.027
2360.000	15.000	76.172	0.027
2370.000	15.000	76.172	0.027
2380.000	15.000	74.219	0.031
2390.000	15.000	74.219	0.031
2400.000	15.000	74.219	0.031
2410.000	15.000	70.312	0.038
2420.000	15.000	70.312	0.038
2430.000	15.000	70.312	0.038
2440.000	15.000	72.266	0.033
2450.000	15.000	72.266	0.033
2460.000	15.000	72.266	0.033
2470.000	15.000	41.016	0.045
2480.000	15.000	41.016	0.045
2490.000	15.000	41.016	0.045
2500.000	15.000	93.750	0.051
2510.000	15.000	93.750	0.051
2520.000	15.000	93.750	0.051
2530.000	15.000	83.984	0.038
2540.000	15.000	83.984	0.038
2550.000	15.000	83.984	0.038
2560.000	15.000	80.078	0.025
2570.000	15.000	80.078	0.025
2580.000	15.000	80.078	0.025
2590.000	15.000	82.031	0.048
2600.000	15.000	82.031	0.048
2610.000	15.000	82.031	0.048
2620.000	15.000	70.312	0.018
2630.000	15.000	70.312	0.018
2640.000	15.000	70.312	0.018
2650.000	15.000	76.172	0.044
2660.000	15.000	76.172	0.044
2670.000	15.000	76.172	0.044
2680.000	15.000	44.922	0.019
2690.000	15.000	44.922	0.019
2700.000	15.000	44.922	0.019
2710.000	15.000	58.594	0.023
2720.000	15.000	58.594	0.023
2730.000	15.000	58.594	0.023
2740.000	15.000	62.500	0.038
2750.000	15.000	62.500	0.038
2760.000	15.000	62.500	0.038
2770.000	15.000	74.219	0.044
2780.000	15.000	74.219	0.044
2790.000	15.000	74.219	0.044
2800.000	15.000	44.922	0.021
2810.000	15.000	44.922	0.021
2820.000	15.000	44.922	0.021
2830.000	15.000	54.687	0.043
2840.000	15.000	54.687	0.043
2850.000	15.000	54.687	0.043
2860.000	15.000	83.984	0.053
2870.000	15.000	83.984	0.053
2880.000	15.000	83.984	0.053
2890.000	15.000	76.172	0.043
2900.000	15.000	76.172	0.043
2910.000	15.000	76.172	0.043
2920.000	15.000	72.266	0.041
2930.000	15.000	72.266	0.041
2940.000	15.000	72.266	0.041
2950.000	15.000	74.219	0.047
2960.000	15.000	74.219	0.047
2970.000	15.000	74.219	0.047
2980.000	15.000	91.797	0.052
2990.000	15.000	91.797	0.052
3000.000	15.000	91.797	0.052
3010.000	15.000	48.828	0.021
3020.000	15.000	48.828	0.021
3030.000	15.000	48.828	0.021
3040.000	15.000	80.078	0.040
3050.000	15.000	80.078	0.040
3060.000	15.000	80.078	0.040
3070.000	15.000	58.594	0.056
3080.000	15.000	58.594	0.056
3090.000	15.000	58.594	0.056
3100.000	15.000	58.594	0.040
3110.000	15.000	58.594	0.040
3120.000	15.000	58.594	0.040
3130.000	15.000	95.703	0.051
3140.000	15.000	95.703	0.051
3150.000	15.000	95.703	0.051
3160.000	15.000	56.641	0.046
3170.000	15.000	56.641	0.046
3180.000	15.000	56.641	0.046
3190.000	15.000	66.406	0.027
3200.000	15.000	66.406	0.027
3210.000	15.000	66.406	0.027
3220.000	15.000	78.125	0.047
3230.000	15.000	78.125	0.047
3240.000	15.000	78.125	0.047
3250.000	15.000	85.937	0.049
3260.000	15.000	85.937	0.049
3270.000	15.000	85.937	0.049
3280.000	15.000	64.453	0.034
3290.000	15.000	64.453	0.034
3300.000	15.000	64.453	0.034
3310.000	15.000	72.266	0.053
3320.000	15.000	72.266	0.053
3330.000	15.000	72.266	0.053
3340.000	15.000	105.469	0.054
3350.000	15.000	105.469	0.054
3360.000	15.000	105.469	0.054
3370.000	15.000	44.922	0.024
3380.000	15.000	44.922	0.024
3390.000	15.000	44.922	0.024
3400.000	15.000	89.844	0.054
3410.000	15.000	89.844	0.054
3420.000	15.000	89.844	0.054
3430.000	15.000	78.125	0.046
3440.000	15.000	78.125	0.046
3450.000	15.000	78.125	0.046
3460.000	15.000	95.703	0.053
3470.000	15.000	95.703	0.053
3480.000	15.000	95.703	0.053
3490.000	15.000	56.641	0.039
3500.000	15.000	56.641	0.039
3510.000	15.000	56.641	0.039
3520.000	15.000	80.078	0.050
3530.000	15.000	80.078	0.050
3540.000	15.000	80.078	0.050
3550.000	15.000	85.937	0.053
3560.000	15.000	85.937	0.053
3570.000	15.000	85.937	0.053
3580.000	15.000	93.750	0.045
3590.000	15.000	93.750	0.045
3600.000	15.000	93.750	0.045
3610.000	15.000	80.078	0.021
3620.000	15.000	80.078	0.021
3630.000	15.000	80.078	0.021
3640.000	15.000	78.125	0.032
3650.000	15.000	78.125	0.032
3660.000	15.000	78.125	0.032
3670.000	15.000	76.172	0.042
3680.000	15.000	76.172	0.042
3690.000	15.000	76.172	0.042
3700.000	15.000	78.125	0.033
3710.000	15.000	78.125	0.033
3720.000	15.000	78.125	0.033
3730.000	15.000	97.656	0.036
3740.000	15.000	97.656	0.036
3750.000	15.000	97.656	0.036
3760.000	15.000	80.078	0.046
3770.000	15.000	80.078	0.046
3780.000	15.000	80.078	0.046
3790.000	15.000	56.641	0.040
3800.000	15.000	56.641	0.040
3810.000	15.000	56.641	0.040
3820.000	15.000	82.031	0.050
3830.000	15.000	82.031	0.050
3840.000	15.000	82.031	0.050
3850.000	15.000	78.125	0.043
3860.000	15.000	78.125	0.043
3870.000	15.000	78.125	0.043
3880.000	15.000	48.828	0.017
3890.000	15.000	48.828	0.017
3900.000	15.000	48.828	0.017
3910.000	15.000	70.312	0.034
3920.000	15.000	70.312	0.034
3930.000	15.000	70.312	0.034
3940.000	15.000	64.453	0.051
3950.000	15.000	64.453	0.051
3960.000	15.000	64.453	0.051
3970.000	15.000	76.172	0.041
3980.000	15.000	76.172	0.041
3990.000	15.000	76.172	0.041
4000.000	15.000	54.687	0.034
4010.000	15.000	54.687	0.034
4020.000	15.000	54.687	0.034
4030.000	15.000	64.453	0.042
4040.000	15.000	64.453	0.042
4050.000	15.000	64.453	0.042
4060.000	15.000	87.891	0.045
4070.000	15.000	87.891	0.045
4080.000	15.000	87.891	0.045
4090.000	15.000	66.406	0.043
4100.000	15.000	66.406	0.043
4110.000	15.000	66.406	0.043
4120.000	15.000	85.937	0.049
4130.000	15.000	85.937	0.049
4140.000	15.000	85.937	0.049
4150.000	15.000	93.750	0.025
4160.000	15.000	93.750	0.025
4170.000	15.000	93.750	0.025
4180.000	15.000	60.547	0.033
4190.000	15.000	60.547	0.033
4200.000	15.000	60.547	0.033
4210.000	15.000	62.500	0.038
4220.000	15.000	62.500	0.038
4230.000	15.000	62.500	0.038
4240.000	15.000	78.125	0.049
4250.000	15.000	78.125	0.049
4260.000	15.000	78.125	0.049
4270.000	15.000	50.781	0.019
4280.000	15.000	50.781	0.019
4290.000	15.000	50.781	0.019
4300.000	15.000	56.641	0.028
4310.000	15.000	56.641	0.028
4320.000	15.000	56.641	0.028
4330.000	15.000	85.937	0.045
4340.000	15.000	85.937	0.045
4350.000	15.000	85.937	0.045
4360.000	15.000	60.547	0.029
4370.000	15.000	60.547	0.029
4380.000	15.000	60.547	0.029
4390.000	15.000	60.547	0.034
4400.000	15.000	60.547	0.034
4410.000	15.000	60.547	0.034
4420.000	15.000	89.844	0.047
4430.000	15.000	89.844	0.047
4440.000	15.000	89.844	0.047
4450.000	15.000	89.844	0.035
4460.000	15.000	89.844	0.035
4470.000	15.000	89.844	0.035
4480.000	15.000	72.266	0.021
4490.000	15.000	72.266	0.021
4500.000	15.000	72.266	0.021
4510.000	15.000	72.266	0.047
4520.000	15.000	72.266	0.047
4530.000	15.000	72.266	0.047
4540.000	15.000	60.547	0.039
4550.000	15.000	60.547	0.039
4560.000	15.000	60.547	0.039
4570.000	15.000	64.453	0.038
4580.000	15.000	64.453	0.038
4590.000	15.000	64.453	0.038
4600.000	15.000	70.312	0.037
4610.000	15.000	70.312	0.037
4620.000	15.000	70.312	0.037
4630.000	15.000	74.219	0.058
4640.000	15.000	74.219	0.058
4650.000	15.000	74.219	0.058
4660.000	15.000	83.984	0.051
4670.000	15.000	83.984	0.051
4680.000	15.000	83.984	0.051
4690.000	15.000	58.594	0.044
4700.000	15.000	58.594	0.044
4710.000	15.000	58.594	0.044
4720.000	15.000	70.312	0.030
4730.000	15.000	70.312	0.030
4740.000	15.000	70.312	0.030
4750.000	15.000	78.125	0.026
4760.000	15.000	78.125	0.026
4770.000	15.000	78.125	0.026
4780.000	15.000	66.406	0.026
4790.000	15.000	66.406	0.026
4800.000	15.000	66.406	0.026
4810.000	15.000	95.703	0.055
4820.000	15.000	95.703	0.055
4830.000	15.000	95.703	0.055
4840.000	15.000	78.125	0.038
4850.000	15.000	78.125	0.038
4860.000	15.000	78.125	0.038
4870.000	15.000	41.016	0.022
4880.000	15.000	41.016	0.022
4890.000	15.000	41.016	0.022
4900.000	15.000	64.453	0.022
4910.000	15.000	64.453	0.022
4920.000	15.000	64.453	0.022
4930.000	15.000	66.406	0.053
4940.000	15.000	66.406	0.053
4950.000	15.000	66.406	0.053
4960.000	15.000	50.781	0.031
4970.000	15.000	50.781	0.031
4980.000	15.000	50.781	0.031
4990.000	15.000	89.844	0.042
5000.000	15.000	89.844	0.042
5010.000	15.000	89.844	0.042
5030.000	15.000	83.984	0.039
5040.000	15.000	83.984	0.039
5050.000	15.000	41.016	0.019
5060.000	15.000	41.016	0.019
5070.000	15.000	41.016	0.019
5080.000	15.000	76.172	0.048
5090.000	15.000	76.172	0.048
5100.000	15.000	76.172	0.048
5110.000	15.000	68.359	0.038
5120.000	15.000	68.359	0.038
5130.000	15.000	68.359	0.038
5140.000	15.000	85.937	0.048
5150.000	15.000	85.937	0.048
5160.000	15.000	85.937	0.048
5170.000	15.000	41.016	0.020
5180.000	15.000	41.016	0.020
5190.000	15.000	41.016	0.020
5200.000	15.000	60.547	0.039
5210.000	15.000	60.547	0.039
5220.000	15.000	60.547	0.039
5230.000	15.000	83.984	0.042
5240.000	15.000	83.984	0.042
5250.000	15.000	83.984	0.042
5260.000	15.000	78.125	0.033
5270.000	15.000	78.125	0.033
5280.000	15.000	78.125	0.033
5290.000	15.000	93.750	0.053
5300.000	15.000	93.750	0.053
5310.000	15.000	93.750	0.053
5320.000	15.000	68.359	0.033
5330.000	15.000	68.359	0.033
5340.000	15.000	68.359	0.033
5350.000	15.000	87.891	0.039
5360.000	15.000	87.891	0.039
5370.000	15.000	87.891	0.039
5380.000	15.000	78.125	0.049
5390.000	15.000	78.125	0.049
5400.000	15.000	78.125	0.049
5410.000	15.000	83.984	0.058
5420.000	15.000	83.984	0.058
5430.000	15.000	83.984	0.058
5440.000	15.000	76.172	0.039
5450.000	15.000	76.172	0.039
5460.000	15.000	76.172	0.039
5470.000	15.000	80.078	0.038
5480.000	15.000	80.078	0.038
5490.000	15.000	80.078	0.038
5500.000	15.000	66.406	0.039
5510.000	15.000	66.406	0.039
5520.000	15.000	66.406	0.039
5530.000	15.000	60.547	0.037
5540.000	15.000	60.547	0.037
5550.000	15.000	60.547	0.037
5560.000	15.000	103.516	0.025
5570.000	15.000	103.516	0.025
5580.000	15.000	103.516	0.025
5590.000	15.000	80.078	0.048
5600.000	15.000	80.078	0.048
5610.000	15.000	80.078	0.048
5620.000	15.000	74.219	0.037
5630.000	15.000	74.219	0.037
5640.000	15.000	74.219	0.037
5650.000	15.000	52.734	0.022
5660.000	15.000	52.734	0.022
5670.000	15.000	52.734	0.022
5680.000	15.000	78.125	0.042
5690.000	15.000	78.125	0.042
5700.000	15.000	78.125	0.042
5710.000	15.000	66.406	0.050
5720.000	15.000	66.406	0.050
5730.000	15.000	66.406	0.050
5740.000	15.000	72.266	0.051
5750.000	15.000	72.266	0.051
5760.000	15.000	72.266	0.051
5770.000	15.000	78.125	0.038
5780.000	15.000	78.125	0.038
5790.000	15.000	78.125	0.038
5800.000	15.000	83.984	0.024
5810.000	15.000	83.984	0.024
5820.000	15.000	83.984	0.024
5830.000	15.000	68.359	0.052
5840.000	15.000	68.359	0.052
5850.000	15.000	68.359	0.052
5860.000	15.000	80.078	0.039
5870.000	15.000	80.078	0.039
5880.000	15.000	80.078	0.039
5890.000	15.000	78.125	0.037
5900.000	15.000	78.125	0.037
5910.000	15.000	78.125	0.037
5920.000	15.000	85.937	0.047
5930.000	15.000	85.937	0.047
5940.000	15.000	85.937	0.047
5950.000	15.000	78.125	0.047
5960.000	15.000	78.125	0.047
5970.000	15.000	78.125	0.047
5980.000	15.000	85.937	0.024
5990.000	15.000	85.937	0.024
6000.000	15.000	85.937	0.024
6010.000	15.000	66.406	0.045
6020.000	15.000	66.406	0.045
6030.000	15.000	66.406	0.045
6040.000	15.000	54.687	0.041
6050.000	15.000	54.687	0.041
6060.000	15.000	54.687	0.041
6070.000	15.000	74.219	0.052
6080.000	15.000	74.219	0.052
6090.000	15.000	74.219	0.052
6100.000	15.000	70.312	0.038
6110.000	15.000	70.312	0.038
6120.000	15.000	70.312	0.038
6130.000	15.000	89.844	0.049
6140.000	15.000	89.844	0.049
6150.000	15.000	89.844	0.049
6160.000	15.000	48.828	0.022
6170.000	15.000	48.828	0.022
6180.000	15.000	48.828	0.022
6190.000	15.000	68.359	0.059
6200.000	15.000	68.359	0.059
6210.000	15.000	68.359	0.059
6220.000	15.000	80.078	0.037
6230.000	15.000	80.078	0.037
6240.000	15.000	80.078	0.037
6250.000	15.000	60.547	0.027
6260.000	15.000	60.547	0.027
6270.000	15.000	60.547	0.027
6280.000	15.000	72.266	0.036
6290.000	15.000	72.266	0.036
6300.000	15.000	72.266	0.036
6310.000	15.000	60.547	0.035
6320.000	15.000	60.547	0.035
6330.000	15.000	60.547	0.035
6340.000	15.000	70.312	0.048
6350.000	15.000	70.312	0.048
6360.000	15.000	70.312	0.048
6370.000	15.000	52.734	0.034
6380.000	15.000	52.734	0.034
6390.000	15.000	52.734	0.034
6400.000	15.000	64.453	0.042
6410.000	15.000	64.453	0.042
6420.000	15.000	64.453	0.042
6430.000	15.000	78.125	0.039
6440.000	15.000	78.125	0.039
6450.000	15.000	78.125	0.039
6460.000	15.000	83.984	0.054
6470.000	15.000	83.984	0.054
6480.000	15.000	83.984	0.054
6490.000	15.000	87.891	0.046
6500.000	15.000	87.891	0.046
6510.000	15.000	87.891	0.046
6520.000	15.000	76.172	0.044
6530.000	15.000	76.172	0.044
6540.000	15.000	76.172	0.044
6550.000	15.000	64.453	0.048
6560.000	15.000	64.453	0.048
6570.000	15.000	64.453	0.048
6580.000	15.000	35.156	0.028
6590.000	15.000	35.156	0.028
6600.000	15.000	35.156	0.028
6610.000	15.000	91.797	0.044
6620.000	15.000	91.797	0.044
6630.000	15.000	91.797	0.044
6640.000	15.000	70.312	0.047
6650.000	15.000	70.312	0.047
6660.000	15.000	70.312	0.047
6670.000	15.000	78.125	0.052
6680.000	15.000	78.125	0.052
6690.000	15.000	78.125	0.052
6700.000	15.000	66.406	0.031
6710.000	15.000	66.406	0.031
6720.000	15.000	66.406	0.031
6730.000	15.000	56.641	0.039
6740.000	15.000	56.641	0.039
6750.000	15.000	56.641	0.039
6760.000	15.000	91.797	0.052
6770.000	15.000	91.797	0.052
6780.000	15.000	91.797	0.052
6790.000	15.000	68.359	0.035
6800.000	15.000	68.359	0.035
6810.000	15.000	68.359	0.035
6820.000	15.000	72.266	0.025
6830.000	15.000	72.266	0.025
6840.000	15.000	72.266	0.025
6850.000	15.000	42.969	0.036
6860.000	15.000	42.969	0.036
6870.000	15.000	42.969	0.036
6880.000	15.000	72.266	0.039
6890.000	15.000	72.266	0.039
6900.000	15.000	72.266	0.039
6910.000	15.000	56.641	0.031
6920.000	15.000	56.641	0.031
6930.000	15.000	56.641	0.031
6940.000	15.000	70.312	0.042
6950.000	15.000	70.312	0.042
6960.000	15.000	70.312	0.042
6970.000	15.000	62.500	0.033
6980.000	15.000	62.500	0.033
6990.000	15.000	62.500	0.033
7000.000	15.000	56.641	0.035
7010.000	15.000	56.641	0.035
20.000	15.000	78.125	0.042
30.000	15.000	66.406	0.031
40.000	15.000	66.406	0.031
50.000	15.000	66.406	0.031
60.000	15.000	68.359	0.052
70.000	15.000	68.359	0.052
80.000	15.000	68.359	0.052
90.000	15.000	62.500	0.026
100.000	15.000	62.500	0.026
110.000	15.000	62.500	0.026
120.000	15.000	82.031	0.046
130.000	15.000	82.031	0.046
140.000	15.000	82.031	0.046
150.000	15.000	39.062	0.029
160.000	15.000	39.062	0.029
170.000	15.000	39.062	0.029
180.000	15.000	93.750	0.035
190.000	15.000	93.750	0.035
200.000	15.000	93.750	0.035
210.000	15.000	54.687	0.038
220.000	15.000	54.687	0.038
230.000	15.000	54.687	0.038
240.000	15.000	85.937	0.040
250.000	15.000	85.937	0.040
260.000	15.000	85.937	0.040
270.000	15.000	64.453	0.035
280.000	15.000	64.453	0.035
290.000	15.000	64.453	0.035
300.000	15.000	74.219	0.040
310.000	15.000	74.219	0.040
320.000	15.000	74.219	0.040
330.000	15.000	60.547	0.054
340.000	15.000	60.547	0.054
350.000	15.000	60.547	0.054
360.000	15.000	82.031	0.054
370.000	15.000	82.031	0.054
380.000	15.000	82.031	0.054
390.000	15.000	80.078	0.043
400.000	15.000	80.078	0.043
410.000	15.000	80.078	0.043
420.000	15.000	70.312	0.034
430.000	15.000	70.312	0.034
440.000	15.000	70.312	0.034
450.000	15.000	58.594	0.031
460.000	15.000	58.594	0.031
470.000	15.000	58.594	0.031
480.000	15.000	35.156	0.021
490.000	15.000	35.156	0.021
500.000	15.000	35.156	0.021
510.000	15.000	82.031	0.049
520.000	15.000	82.031	0.049
530.000	15.000	82.031	0.049
540.000	15.000	64.453	0.032
550.000	15.000	64.453	0.032
560.000	15.000	64.453	0.032
570.000	15.000	52.734	0.043
580.000	15.000	52.734	0.043
590.000	15.000	52.734	0.043
600.000	15.000	76.172	0.027
610.000	15.000	76.172	0.027
620.000	15.000	76.172	0.027
630.000	15.000	72.266	0.057
640.000	15.000	72.266	0.057
650.000	15.000	72.266	0.057
660.000	15.000	87.891	0.036
670.000	15.000	87.891	0.036
680.000	15.000	87.891	0.036
690.000	15.000	39.062	0.050
700.000	15.000	39.062	0.050
710.000	15.000	39.062	0.050
720.000	15.000	70.312	0.047
730.000	15.000	70.312	0.047
740.000	15.000	70.312	0.047
750.000	15.000	80.078	0.045
760.000	15.000	80.078	0.045
770.000	15.000	80.078	0.045
780.000	15.000	91.797	0.038
790.000	15.000	91.797	0.038
800.000	15.000	91.797	0.038
810.000	15.000	41.016	0.025
820.000	15.000	41.016	0.025
830.000	15.000	41.016	0.025
840.000	15.000	70.312	0.023
850.000	15.000	70.312	0.023
860.000	15.000	70.312	0.023
870.000	15.000	97.656	0.055
880.000	15.000	97.656	0.055
890.000	15.000	97.656	0.055
900.000	15.000	60.547	0.028
910.000	15.000	60.547	0.028
920.000	15.000	60.547	0.028
930.000	15.000	72.266	0.039
940.000	15.000	72.266	0.039
950.000	15.000	72.266	0.039
960.000	15.000	68.359	0.040
970.000	15.000	68.359	0.040
980.000	15.000	68.359	0.040
990.000	15.000	56.641	0.030
1010.000	15.000	56.641	0.030
1020.000	15.000	58.594	0.041
1030.000	15.000	58.594	0.041
1040.000	15.000	58.594	0.041
1050.000	15.000	64.453	0.046
1060.000	15.000	64.453	0.046
1070.000	15.000	64.453	0.046
1080.000	15.000	60.547	0.018
1090.000	15.000	60.547	0.018
1100.000	15.000	60.547	0.018
1110.000	15.000	64.453	0.030
1120.000	15.000	64.453	0.030
1130.000	15.000	64.453	0.030
1140.000	15.000	87.891	0.058
1150.000	15.000	87.891	0.058
1160.000	15.000	87.891	0.058
1170.000	15.000	58.594	0.033
1180.000	15.000	58.594	0.033
1190.000	15.000	58.594	0.033
1200.000	15.000	46.875	0.021
1210.000	15.000	46.875	0.021
1220.000	15.000	46.875	0.021
1230.000	15.000	93.750	0.055
1240.000	15.000	93.750	0.055
1250.000	15.000	93.750	0.055
1260.000	15.000	50.781	0.048
1270.000	15.000	50.781	0.048
1280.000	15.000	50.781	0.048
1290.000	15.000	54.687	0.036
1300.000	15.000	54.687	0.036
1310.000	15.000	54.687	0.036
1320.000	15.000	80.078	0.049
1330.000	15.000	80.078	0.049
1340.000	15.000	80.078	0.049
1350.000	15.000	93.750	0.043
1360.000	15.000	93.750	0.043
1370.000	15.000	93.750	0.043
1380.000	15.000	60.547	0.043
1390.000	15.000	60.547	0.043
1400.000	15.000	60.547	0.043
1410.000	15.000	85.937	0.041
1420.000	15.000	85.937	0.041
1430.000	15.000	85.937	0.041
1440.000	15.000	72.266	0.034
1450.000	15.000	72.266	0.034
1460.000	15.000	72.266	0.034
1470.000	15.000	101.562	0.033
1480.000	15.000	101.562	0.033
1490.000	15.000	101.562	0.033
1500.000	15.000	56.641	0.045
1510.000	15.000	56.641	0.045
1520.000	15.000	56.641	0.045
1530.000	15.000	44.922	0.035
1540.000	15.000	44.922	0.035
1550.000	15.000	44.922	0.035
1560.000	15.000	76.172	0.037
1570.000	15.000	76.172	0.037
1580.000	15.000	76.172	0.037
1590.000	15.000	54.687	0.033
1600.000	15.000	54.687	0.033
1610.000	15.000	54.687	0.033
1620.000	15.000	76.172	0.043
1630.000	15.000	76.172	0.043
1640.000	15.000	76.172	0.043
1650.000	15.000	82.031	0.051
1660.000	15.000	82.031	0.051
1670.000	15.000	82.031	0.051
1680.000	15.000	89.844	0.058
1690.000	15.000	89.844	0.058
1700.000	15.000	89.844	0.058
1710.000	15.000	39.062	0.024
1720.000	15.000	39.062	0.024
1730.000	15.000	39.062	0.024
1740.000	15.000	68.359	0.022
1750.000	15.000	68.359	0.022
1760.000	15.000	68.359	0.022
1770.000	15.000	64.453	0.030
1780.000	15.000	64.453	0.030
1790.000	15.000	64.453	0.030
1800.000	15.000	83.984	0.051
1810.000	15.000	83.984	0.051
1820.000	15.000	83.984	0.051
1830.000	15.000	44.922	0.021
1840.000	15.000	44.922	0.021
1850.000	15.000	44.922	0.021
1860.000	15.000	78.125	0.023
1870.000	15.000	78.125	0.023
1880.000	15.000	78.125	0.023
1890.000	15.000	85.937	0.040
1900.000	15.000	85.937	0.040
1910.000	15.000	85.937	0.040
1920.000	15.000	64.453	0.038
1930.000	15.000	64.453	0.038
1940.000	15.000	64.453	0.038
1950.000	15.000	83.984	0.053
1960.000	15.000	83.984	0.053
1970.000	15.000	83.984	0.053
1980.000	15.000	85.937	0.049
1990.000	15.000	85.937	0.049
2000.000	15.000	85.937	0.049
2010.000	15.000	52.734	0.030
2020.000	15.000	52.734	0.030
2030.000	15.000	52.734	0.030
2040.000	15.000	62.500	0.038
2050.000	15.000	62.500	0.038
2060.000	15.000	62.500	0.038
2070.000	15.000	72.266	0.049
2080.000	15.000	72.266	0.049
2090.000	15.000	72.266	0.049
2100.000	15.000	85.937	0.049
2110.000	15.000	85.937	0.049
2120.000	15.000	85.937	0.049
2130.000	15.000	37.109	0.041
2140.000	15.000	37.109	0.041
2150.000	15.000	37.109	0.041
2160.000	15.000	85.937	0.036
2170.000	15.000	85.937	0.036
2180.000	15.000	85.937	0.036
2190.000	15.000	85.937	0.019
2200.000	15.000	85.937	0.019
2210.000	15.000	85.937	0.019
2220.000	15.000	70.312	0.039
2230.000	15.000	70.312	0.039
2240.000	15.000	70.312	0.039
2250.000	15.000	80.078	0.051
2260.000	15.000	80.078	0.051
2270.000	15.000	80.078	0.051
2280.000	15.000	83.984	0.035
2290.000	15.000	83.984	0.035
2300.000	15.000	83.984	0.035
2310.000	15.000	83.984	0.048
2320.000	15.000	83.984	0.048
2330.000	15.000	83.984	0.048
2340.000	15.000	56.641	0.034
2350.000	15.000	56.641	0.034
2360.000	15.000	56.641	0.034
2370.000	15.000	72.266	0.056
2380.000	15.000	72.266	0.056
2390.000	15.000	72.266	0.056
2400.000	15.000	56.641	0.030
2410.000	15.000	56.641	0.030
2420.000	15.000	56.641	0.030
2430.000	15.000	50.781	0.020
2440.000	15.000	50.781	0.020
2450.000	15.000	50.781	0.020
2460.000	15.000	58.594	0.041
2470.000	15.000	58.594	0.041
2480.000	15.000	58.594	0.041
2490.000	15.000	58.594	0.027
2500.000	15.000	58.594	0.027
2510.000	15.000	58.594	0.027
2520.000	15.000	68.359	0.049
2530.000	15.000	68.359	0.049
2540.000	15.000	68.359	0.049
2550.000	15.000	70.312	0.054
2560.000	15.000	70.312	0.054
2570.000	15.000	70.312	0.054
2580.000	15.000	56.641	0.036
2590.000	15.000	56.641	0.036
2600.000	15.000	56.641	0.036
2610.000	15.000	83.984	0.048
2620.000	15.000	83.984	0.048
2630.000	15.000	83.984	0.048
2640.000	15.000	52.734	0.037
2650.000	15.000	52.734	0.037
2660.000	15.000	52.734	0.037
2670.000	15.000	83.984	0.040
2680.000	15.000	83.984	0.040
2690.000	15.000	83.984	0.040
2700.000	15.000	74.219	0.049
2710.000	15.000	74.219	0.049
2720.000	15.000	74.219	0.049
2730.000	15.000	87.891	0.050
2740.000	15.000	87.891	0.050
2750.000	15.000	87.891	0.050
2760.000	15.000	103.516	0.031
2770.000	15.000	103.516	0.031
2780.000	15.000	103.516	0.031
2790.000	15.000	48.828	0.043
2800.000	15.000	48.828	0.043
2810.000	15.000	48.828	0.043
2820.000	15.000	95.703	0.045
2830.000	15.000	95.703	0.045
2840.000	15.000	95.703	0.045
2850.000	15.000	89.844	0.042
2860.000	15.000	89.844	0.042
2870.000	15.000	89.844	0.042
2880.000	15.000	76.172	0.047
2890.000	15.000	76.172	0.047
2900.000	15.000	76.172	0.047
2910.000	15.000	82.031	0.026
2920.000	15.000	82.031	0.026
2930.000	15.000	82.031	0.026
2940.000	15.000	87.891	0.047
2950.000	15.000	87.891	0.047
2960.000	15.000	87.891	0.047
2970.000	15.000	74.219	0.035
2980.000	15.000	74.219	0.035
2990.000	15.000	74.219	0.035
3000.000	15.000	74.219	0.028
3010.000	15.000	74.219	0.028
3020.000	15.000	74.219	0.028
3030.000	15.000	62.500	0.037
3040.000	15.000	62.500	0.037
3050.000	15.000	62.500	0.037
3060.000	15.000	76.172	0.040
3070.000	15.000	76.172	0.040
3080.000	15.000	76.172	0.040
3090.000	15.000	66.406	0.042
3100.000	15.000	66.406	0.042
3110.000	15.000	66.406	0.042
3120.000	15.000	74.219	0.037
3130.000	15.000	74.219	0.037
3140.000	15.000	74.219	0.037
3150.000	15.000	68.359	0.030
3160.000	15.000	68.359	0.030
3170.000	15.000	68.359	0.030
3180.000	15.000	89.844	0.047
3190.000	15.000	89.844	0.047
3200.000	15.000	89.844	0.047
3210.000	15.000	87.891	0.048
3220.000	15.000	87.891	0.048
3230.000	15.000	87.891	0.048
3240.000	15.000	62.500	0.040
3250.000	15.000	62.500	0.040
3260.000	15.000	62.500	0.040
3270.000	15.000	82.031	0.049
3280.000	15.000	82.031	0.049
3290.000	15.000	82.031	0.049
3300.000	15.000	72.266	0.031
3310.000	15.000	72.266	0.031
3320.000	15.000	72.266	0.031
3330.000	15.000	58.594	0.045
3340.000	15.000	58.594	0.045
3350.000	15.000	58.594	0.045
3360.000	15.000	76.172	0.039
3370.000	15.000	76.172	0.039
3380.000	15.000	76.172	0.039
3390.000	15.000	70.312	0.032
3400.000	15.000	70.312	0.032
3410.000	15.000	70.312	0.032
3420.000	15.000	52.734	0.051
3430.000	15.000	52.734	0.051
3440.000	15.000	52.734	0.051
3450.000	15.000	80.078	0.048
3460.000	15.000	80.078	0.048
3470.000	15.000	80.078	0.048
3480.000	15.000	76.172	0.053
3490.000	15.000	76.172	0.053
3500.000	15.000	76.172	0.053
3510.000	15.000	78.125	0.027
3520.000	15.000	78.125	0.027
3530.000	15.000	78.125	0.027
3540.000	15.000	68.359	0.051
3550.000	15.000	68.359	0.051
3560.000	15.000	68.359	0.051
3570.000	15.000	85.937	0.051
3580.000	15.000	85.937	0.051
3590.000	15.000	85.937	0.051
3600.000	15.000	56.641	0.035
3610.000	15.000	56.641	0.035
3620.000	15.000	56.641	0.035
3630.000	15.000	83.984	0.043
3640.000	15.000	83.984	0.043
3650.000	15.000	83.984	0.043
3660.000	15.000	97.656	0.049
3670.000	15.000	97.656	0.049
3680.000	15.000	97.656	0.049
3690.000	15.000	78.125	0.046
3700.000	15.000	78.125	0.046
3710.000	15.000	78.125	0.046
3720.000	15.000	66.406	0.031
3730.000	15.000	66.406	0.031
3740.000	15.000	66.406	0.031
3750.000	15.000	66.406	0.040
3760.000	15.000	66.406	0.040
3770.000	15.000	66.406	0.040
3780.000	15.000	85.937	0.048
3790.000	15.000	85.937	0.048
3800.000	15.000	85.937	0.048
3810.000	15.000	66.406	0.050
3820.000	15.000	66.406	0.050
3830.000	15.000	66.406	0.050
3840.000	15.000	50.781	0.036
3850.000	15.000	50.781	0.036
3860.000	15.000	50.781	0.036
3870.000	15.000	83.984	0.048
3880.000	15.000	83.984	0.048
3890.000	15.000	83.984	0.048
3900.000	15.000	68.359	0.018
3910.000	15.000	68.359	0.018
3920.000	15.000	68.359	0.018
3930.000	15.000	48.828	0.026
3940.000	15.000	48.828	0.026
3950.000	15.000	48.828	0.026
3960.000	15.000	72.266	0.043
3970.000	15.000	72.266	0.043
3980.000	15.000	72.266	0.043
3990.000	15.000	85.937	0.037
4000.000	15.000	85.937	0.037
4010.000	15.000	85.937	0.037
4020.000	15.000	60.547	0.043
4030.000	15.000	60.547	0.043
4040.000	15.000	60.547	0.043
4050.000	15.000	54.687	0.021
4060.000	15.000	54.687	0.021
4070.000	15.000	54.687	0.021
4080.000	15.000	83.984	0.041
4090.000	15.000	83.984	0.041
4100.000	15.000	83.984	0.041
4110.000	15.000	66.406	0.034
4120.000	15.000	66.406	0.034
4130.000	15.000	66.406	0.034
4140.000	15.000	99.609	0.044
4150.000	15.000	99.609	0.044
4160.000	15.000	99.609	0.044
4170.000	15.000	42.969	0.028
4180.000	15.000	42.969	0.028
4190.000	15.000	42.969	0.028
4200.000	15.000	76.172	0.044
4210.000	15.000	76.172	0.044
4220.000	15.000	76.172	0.044
4230.000	15.000	60.547	0.042
4240.000	15.000	60.547	0.042
4250.000	15.000	60.547	0.042
4260.000	15.000	50.781	0.036
4270.000	15.000	50.781	0.036
4280.000	15.000	50.781	0.036
4290.000	15.000	85.937	0.026
4300.000	15.000	85.937	0.026
4310.000	15.000	85.937	0.026
4320.000	15.000	70.312	0.027
4330.000	15.000	70.312	0.027
4340.000	15.000	70.312	0.027
4350.000	15.000	93.750	0.034
4360.000	15.000	93.750	0.034
4370.000	15.000	93.750	0.034
4380.000	15.000	66.406	0.054
4390.000	15.000	66.406	0.054
4400.000	15.000	66.406	0.054
4410.000	15.000	83.984	0.042
4420.000	15.000	83.984	0.042
4430.000	15.000	83.984	0.042
4440.000	15.000	89.844	0.056
4450.000	15.000	89.844	0.056
4460.000	15.000	89.844	0.056
4470.000	15.000	68.359	0.047
4480.000	15.000	68.359	0.047
4490.000	15.000	68.359	0.047
4500.000	15.000	62.500	0.043
4510.000	15.000	62.500	0.043
4520.000	15.000	62.500	0.043
4530.000	15.000	68.359	0.022
4540.000	15.000	68.359	0.022
4550.000	15.000	68.359	0.022
4560.000	15.000	46.875	0.047
4570.000	15.000	46.875	0.047
4580.000	15.000	46.875	0.047
4590.000	15.000	54.687	0.025
4600.000	15.000	54.687	0.025
4610.000	15.000	54.687	0.025
4620.000	15.000	89.844	0.037
4630.000	15.000	89.844	0.037
4640.000	15.000	89.844	0.037
4650.000	15.000	52.734	0.049
4660.000	15.000	52.734	0.049
4670.000	15.000	52.734	0.049
4680.000	15.000	78.125	0.032
4690.000	15.000	78.125	0.032
4700.000	15.000	78.125	0.032
4710.000	15.000	46.875	0.017
4720.000	15.000	46.875	0.017
4730.000	15.000	46.875	0.017
4740.000	15.000	76.172	0.043
4750.000	15.000	76.172	0.043
4760.000	15.000	76.172	0.043
4770.000	15.000	52.734	0.024
4780.000	15.000	52.734	0.024
4790.000	15.000	52.734	0.024
4800.000	15.000	48.828	0.021
4810.000	15.000	48.828	0.021
4820.000	15.000	48.828	0.021
4830.000	15.000	64.453	0.040
4840.000	15.000	64.453	0.040
4850.000	15.000	64.453	0.040
4860.000	15.000	66.406	0.032
4870.000	15.000	66.406	0.032
4880.000	15.000	66.406	0.032
4890.000	15.000	58.594	0.027
4900.000	15.000	58.594	0.027
4910.000	15.000	58.594	0.027
4920.000	15.000	60.547	0.028
4930.000	15.000	60.547	0.028
4940.000	15.000	60.547	0.028
4950.000	15.000	54.687	0.027
4960.000	15.000	54.687	0.027
4970.000	15.000	54.687	0.027
4980.000	15.000	60.547	0.032
4990.000	15.000	60.547	0.032
5000.000	15.000	60.547	0.032
5010.000	15.000	48.828	0.036
5020.000	15.000	48.828	0.036
5030.000	15.000	48.828	0.036
5040.000	15.000	46.875	0.034
5050.000	15.000	46.875	0.034
5060.000	15.000	46.875	0.034
5070.000	15.000	82.031	0.046
5080.000	15.000	82.031	0.046
5090.000	15.000	82.031	0.046
5100.000	15.000	50.781	0.046
5110.000	15.000	50.781	0.046
5120.000	15.000	50.781	0.046
5130.000	15.000	48.828	0.056
5140.000	15.000	48.828	0.056
5150.000	15.000	48.828	0.056
5160.000	15.000	60.547	0.028
5170.000	15.000	60.547	0.028
5180.000	15.000	60.547	0.028
5190.000	15.000	105.469	0.039
5200.000	15.000	105.469	0.039
5210.000	15.000	105.469	0.039
5220.000	15.000	64.453	0.033
5230.000	15.000	64.453	0.033
5240.000	15.000	64.453	0.033
5250.000	15.000	44.922	0.030
5260.000	15.000	44.922	0.030
5270.000	15.000	44.922	0.030
5280.000	15.000	95.703	0.041
5290.000	15.000	95.703	0.041
5300.000	15.000	95.703	0.041
5310.000	15.000	62.500	0.021
5320.000	15.000	62.500	0.021
5330.000	15.000	62.500	0.021
5340.000	15.000	62.500	0.021
5350.000	15.000	62.500	0.021
5360.000	15.000	62.500	0.021
5370.000	15.000	62.500	0.021
5380.000	15.000	62.500	0.021
5390.000	15.000	62.500	0.021
5400.000	15.000	62.500	0.021
5410.000	15.000	62.500	0.021
5420.000	15.000	62.500	0.021
5430.000	15.000	62.500	0.021
5440.000	15.000	62.500	0.021
5450.000	15.000	62.500	0.021
5460.000	15.000	62.500	0.021
5470.000	15.000	62.500	0.021
5480.000	15.000	62.500	0.021
5490.000	15.000	62.500	0.021
5500.000	15.000	62.500	0.021
5510.000	15.000	62.500	0.021
5520.000	15.000	62.500	0.021
5530.000	15.000	62.500	0.021
5540.000	15.000	62.500	0.021
5550.000	15.000	62.500	0.021
5560.000	15.000	62.500	0.021
5570.000	15.000	62.500	0.021
5580.000	15.000	62.500	0.021
5590.000	15.000	62.500	0.021
5600.000	15.000	62.500	0.021
5610.000	15.000	62.500	0.021
5620.000	15.000	62.500	0.021
5630.000	15.000	62.500	0.021
5640.000	15.000	62.500	0.021
5650.000	15.000	62.500	0.021
5660.000	15.000	62.500	0.021
5670.000	15.000	62.500	0.021
5680.000	15.000	62.500	0.021
5690.000	15.000	62.500	0.021
5700.000	15.000	62.500	0.021
5710.000	15.000	62.500	0.021
5720.000	15.000	62.500	0.021
5730.000	15.000	62.500	0.021
5740.000	15.000	62.500	0.021
5750.000	15.000	62.500	0.021
5760.000	15.000	62.500	0.021
5770.000	15.000	62.500	0.021
5780.000	15.000	62.500	0.021
5790.000	15.000	62.500	0.021
5800.000	15.000	62.500	0.021
5810.000	15.000	62.500	0.021
5820.000	15.000	62.500	0.021
5830.000	15.000	62.500	0.021
5840.000	15.000	62.500	0.021
5850.000	15.000	62.500	0.021
5860.000	15.000	62.500	0.021
5870.000	15.000	62.500	0.021
5880.000	15.000	62.500	0.021
5890.000	15.000	62.500	0.021
5900.000	15.000	62.500	0.021
5910.000	15.000	62.500	0.021
5920.000	15.000	62.500	0.021
5930.000	15.000	62.500	0.021
5940.000	15.000	62.500	0.021
5950.000	15.000	62.500	0.021
5960.000	15.000	62.500	0.021
5970.000	15.000	62.500	0.021
5980.000	15.000	62.500	0.021
5990.000	15.000	62.500	0.021
6000.000	15.000	62.500	0.021
6010.000	15.000	62.500	0.021
6020.000	15.000	62.500	0.021
6030.000	15.000	62.500	0.021
6040.000	15.000	62.500	0.021
6050.000	15.000	62.500	0.021
6060.000	15.000	62.500	0.021
6070.000	15.000	62.500	0.021
6080.000	15.000	62.500	0.021
6090.000	15.000	62.500	0.021
6100.000	15.000	62.500	0.021
6110.000	15.000	62.500	0.021
6120.000	15.000	62.500	0.021
6130.000	15.000	62.500	0.021
6140.000	15.000	62.500	0.021
6150.000	15.000	62.500	0.021
6160.000	15.000	62.500	0.021
6170.000	15.000	62.500	0.021
6180.000	15.000	62.500	0.021
6190.000	15.000	62.500	0.021
6200.000	15.000	62.500	0.021
6210.000	15.000	62.500	0.021
6220.000	15.000	62.500	0.021
6230.000	15.000	62.500	0.021
6240.000	15.000	62.500	0.021
6250.000	15.000	62.500	0.021
6260.000	15.000	62.500	0.021
6270.000	15.000	62.500	0.021
6280.000	15.000	62.500	0.021
6290.000	15.000	62.500	0.021
6300.000	15.000	62.500	0.021
6310.000	15.000	62.500	0.021
6320.000	15.000	62.500	0.021
6330.000	15.000	62.500	0.021
6340.000	15.000	62.500	0.021
6350.000	15.000	62.500	0.021
6360.000	15.000	62.500	0.021
6370.000	15.000	62.500	0.021
6380.000	15.000	62.500	0.021
6390.000	15.000	62.500	0.021
6400.000	15.000	62.500	0.021
6410.000	15.000	62.500	0.021
6420.000	15.000	62.500	0.021
6430.000	15.000	62.500	0.021
6440.000	15.000	62.500	0.021
6450.000	15.000	62.500	0.021
6460.000	15.000	62.500	0.021
6470.000	15.000	62.500	0.021
6480.000	15.000	62.500	0.021
6490.000	15.000	62.500	0.021
6500.000	15.000	62.500	0.021
6510.000	15.000	62.500	0.021
6520.000	15.000	62.500	0.021
6530.000	15.000	62.500	0.021
6540.000	15.000	62.500	0.021
6550.000	15.000	62.500	0.021
6560.000	15.000	62.500	0.021
6570.000	15.000	62.500	0.021
6580.000	15.000	62.500	0.021
6590.000	15.000	62.500	0.021
6600.000	15.000	62.500	0.021
6610.000	15.000	62.500	0.021
6620.000	15.000	62.500	0.021
6630.000	15.000	62.500	0.021
6640.000	15.000	62.500	0.021
6650.000	15.000	62.500	0.021
6660.000	15.000	62.500	0.021
6670.000	15.000	62.500	0.021
6680.000	15.000	62.500	0.021
6690.000	15.000	62.500	0.021
6700.000	15.000	62.500	0.021
6710.000	15.000	62.500	0.021
6720.000	15.000	62.500	0.021
6730.000	15.000	62.500	0.021
6740.000	15.000	62.500	0.021
6750.000	15.000	62.500	0.021
6760.000	15.000	62.500	0.021
6770.000	15.000	62.500	0.021
6780.000	15.000	62.500	0.021
6790.000	15.000	62.500	0.021
6800.000	15.000	62.500	0.021
6810.000	15.000	62.500	0.021
6820.000	15.000	62.500	0.021
6830.000	15.000	62.500	0.021
6840.000	15.000	62.500	0.021
6850.000	15.000	62.500	0.021
6860.000	15.000	62.500	0.021
6870.000	15.000	62.500	0.021
6880.000	15.000	62.500	0.021
6890.000	15.000	62.500	0.021
6900.000	15.000	62.500	0.021
6910.000	15.000	62.500	0.021
6920.000	15.000	62.500	0.021
6930.000	15.000	62.500	0.021
6940.000	15.000	62.500	0.021
6950.000	15.000	62.500	0.021
6960.000	15.000	62.500	0.021
6970.000	15.000	62.500	0.021
6980.000	15.000	62.500	0.021
6990.000	15.000	62.500	0.021
7000.000	15.000	62.500	0.021
7010.000	15.000	62.500	0.021
20.000	20.000	87.891	0.034
30.000	20.000	87.891	0.034
40.000	20.000	87.891	0.034
50.000	20.000	68.359	0.030
60.000	20.000	68.359	0.030
70.000	20.000	68.359	0.030
80.000	20.000	66.406	0.037
90.000	20.000	66.406	0.037
100.000	20.000	66.406	0.037
110.000	20.000	33.203	0.015
120.000	20.000	33.203	0.015
130.000	20.000	33.203	0.015
140.000	20.000	56.641	0.026
150.000	20.000	56.641	0.026
160.000	20.000	56.641	0.026
170.000	20.000	89.844	0.036
180.000	20.000	89.844	0.036
190.000	20.000	89.844	0.036
200.000	20.000	58.594	0.029
210.000	20.000	58.594	0.029
220.000	20.000	58.594	0.029
230.000	20.000	62.500	0.022
240.000	20.000	62.500	0.022
250.000	20.000	62.500	0.022
260.000	20.000	83.984	0.030
270.000	20.000	83.984	0.030
280.000	20.000	83.984	0.030
290.000	20.000	85.937	0.043
300.000	20.000	85.937	0.043
310.000	20.000	85.937	0.043
320.000	20.000	87.891	0.033
330.000	20.000	87.891	0.033
340.000	20.000	87.891	0.033
350.000	20.000	82.031	0.025
360.000	20.000	82.031	0.025
370.000	20.000	82.031	0.025
380.000	20.000	89.844	0.033
390.000	20.000	89.844	0.033
400.000	20.000	89.844	0.033
410.000	20.000	72.266	0.027
420.000	20.000	72.266	0.027
430.000	20.000	72.266	0.027
440.000	20.000	76.172	0.026
450.000	20.000	76.172	0.026
460.000	20.000	76.172	0.026
470.000	20.000	82.031	0.041
480.000	20.000	82.031	0.041
490.000	20.000	82.031	0.041
500.000	20.000	87.891	0.040
510.000	20.000	87.891	0.040
520.000	20.000	87.891	0.040
530.000	20.000	44.922	0.009
540.000	20.000	44.922	0.009
550.000	20.000	44.922	0.009
560.000	20.000	82.031	0.040
570.000	20.000	82.031	0.040
580.000	20.000	82.031	0.040
590.000	20.000	78.125	0.039
600.000	20.000	78.125	0.039
610.000	20.000	78.125	0.039
620.000	20.000	50.781	0.010
630.000	20.000	50.781	0.010
640.000	20.000	50.781	0.010
650.000	20.000	72.266	0.032
660.000	20.000	72.266	0.032
670.000	20.000	72.266	0.032
680.000	20.000	46.875	0.028
690.000	20.000	46.875	0.028
700.000	20.000	46.875	0.028
710.000	20.000	42.969	0.011
720.000	20.000	42.969	0.011
730.000	20.000	42.969	0.011
740.000	20.000	48.828	0.025
750.000	20.000	48.828	0.025
760.000	20.000	48.828	0.025
770.000	20.000	85.937	0.023
780.000	20.000	85.937	0.023
790.000	20.000	85.937	0.023
800.000	20.000	89.844	0.029
810.000	20.000	89.844	0.029
820.000	20.000	89.844	0.029
830.000	20.000	48.828	0.024
840.000	20.000	48.828	0.024
850.000	20.000	48.828	0.024
860.000	20.000	78.125	0.032
870.000	20.000	78.125	0.032
880.000	20.000	78.125	0.032
890.000	20.000	74.219	0.042
900.000	20.000	74.219	0.042
910.000	20.000	74.219	0.042
920.000	20.000	62.500	0.041
930.000	20.000	62.500	0.041
940.000	20.000	62.500	0.041
950.000	20.000	66.406	0.037
960.000	20.000	66.406	0.037
970.000	20.000	66.406	0.037
980.000	20.000	82.031	0.035
990.000	20.000	82.031	0.035
1000.000	20.000	82.031	0.035
1010.000	20.000	60.547	0.016
1020.000	20.000	60.547	0.016
1030.000	20.000	60.547	0.016
1040.000	20.000	83.984	0.036
1050.000	20.000	83.984	0.036
1060.000	20.000	83.984	0.036
1070.000	20.000	82.031	0.020
1080.000	20.000	82.031	0.020
1090.000	20.000	82.031	0.020
1100.000	20.000	68.359	0.376
1110.000	20.000	68.359	0.376
1120.000	20.000	68.359	0.376
1130.000	20.000	85.937	0.519
1140.000	20.000	85.937	0.519
1150.000	20.000	85.937	0.519
1160.000	20.000	80.078	0.581
1170.000	20.000	80.078	0.581
1180.000	20.000	80.078	0.581
1190.000	20.000	183.594	0.614
1200.000	20.000	183.594	0.614
1210.000	20.000	183.594	0.614
1220.000	20.000	273.437	0.620
1230.000	20.000	273.437	0.620
1240.000	20.000	273.437	0.620
1250.000	20.000	332.031	0.632
1260.000	20.000	332.031	0.632
1270.000	20.000	332.031	0.632
1280.000	20.000	343.750	0.642
1290.000	20.000	343.750	0.642
1300.000	20.000	343.750	0.642
1310.000	20.000	427.734	0.634
1320.000	20.000	427.734	0.634
1330.000	20.000	427.734	0.634
1340.000	20.000	451.172	0.632
1350.000	20.000	451.172	0.632
1360.000	20.000	451.172	0.632
1370.000	20.000	519.531	0.644
1380.000	20.000	519.531	0.644
1390.000	20.000	519.531	0.644
1400.000	20.000	521.484	0.652
1410.000	20.000	521.484	0.652
1420.000	20.000	521.484	0.652
1430.000	20.000	574.219	0.658
1440.000	20.000	574.219	0.658
1450.000	20.000	574.219	0.658
1460.000	20.000	630.859	0.646
1470.000	20.000	630.859	0.646
1480.000	20.000	630.859	0.646
1490.000	20.000	669.922	0.647
1500.000	20.000	669.922	0.647
1510.000	20.000	669.922	0.647
1520.000	20.000	732.422	0.629
1530.000	20.000	732.422	0.629
1540.000	20.000	732.422	0.629
1550.000	20.000	796.875	0.609
1560.000	20.000	796.875	0.609
1570.000	20.000	796.875	0.609
1580.000	20.000	847.656	0.642
1590.000	20.000	847.656	0.642
1600.000	20.000	847.656	0.642
1610.000	20.000	917.969	0.649
1620.000	20.000	917.969	0.649
1630.000	20.000	917.969	0.649
1640.000	20.000	945.312	0.624
1650.000	20.000	945.312	0.624
1660.000	20.000	945.312	0.624
1670.000	20.000	947.266	0.656
1680.000	20.000	947.266	0.656
1690.000	20.000	947.266	0.656
1700.000	20.000	1082.031	0.631
1710.000	20.000	1082.031	0.631
1720.000	20.000	1082.031	0.631
1730.000	20.000	1060.547	0.644
1740.000	20.000	1060.547	0.644
1750.000	20.000	1060.547	0.644
1760.000	20.000	1142.578	0.636
1770.000	20.000	1142.578	0.636
1780.000	20.000	1142.578	0.636
1790.000	20.000	1183.594	0.615
1800.000	20.000	1183.594	0.615
1810.000	20.000	1183.594	0.615
1820.000	20.000	1195.312	0.640
1830.000	20.000	1195.312	0.640
1840.000	20.000	1195.312	0.640
1850.000	20.000	1208.984	0.646
1860.000	20.000	1208.984	0.646
1870.000	20.000	1208.984	0.646
1880.000	20.000	1322.266	0.641
1890.000	20.000	1322.266	0.641
1900.000	20.000	1322.266	0.641
1910.000	20.000	1351.562	0.648
1920.000	20.000	1351.562	0.648
1930.000	20.000	1351.562	0.648
1940.000	20.000	1404.297	0.631
1950.000	20.000	1404.297	0.631
1960.000	20.000	1404.297	0.631
1970.000	20.000	1419.922	0.646
1980.000	20.000	1419.922	0.646
1990.000	20.000	1419.922	0.646
2000.000	20.000	1484.375	0.641
2010.000	20.000	1484.375	0.641
2020.000	20.000	1484.375	0.641
2030.000	20.000	1554.687	0.619
2040.000	20.000	1554.687	0.619
2050.000	20.000	1554.687	0.619
2060.000	20.000	1564.453	0.627
2070.000	20.000	1564.453	0.627
2080.000	20.000	1564.453	0.627
2090.000	20.000	1617.187	0.651
2100.000	20.000	1617.187	0.651
2110.000	20.000	1617.187	0.651
2120.000	20.000	1675.781	0.646
2130.000	20.000	1675.781	0.646
2140.000	20.000	1675.781	0.646
2150.000	20.000	1740.234	0.656
2160.000	20.000	1740.234	0.656
2170.000	20.000	1740.234	0.656
2180.000	20.000	1767.578	0.635
2190.000	20.000	1767.578	0.635
2200.000	20.000	1767.578	0.635
2210.000	20.000	1818.359	0.652
2220.000	20.000	1818.359	0.652
2230.000	20.000	1818.359	0.652
2240.000	20.000	1847.656	0.639
2250.000	20.000	1847.656	0.639
2260.000	20.000	1847.656	0.639
2270.000	20.000	1896.484	0.648
2280.000	20.000	1896.484	0.648
2290.000	20.000	1896.484	0.648
2300.000	20.000	1931.641	0.649
2310.000	20.000	1931.641	0.649
2320.000	20.000	1931.641	0.649
2330.000	20.000	1982.422	0.646
2340.000	20.000	1982.422	0.646
2350.000	20.000	1982.422	0.646
2360.000	20.000	2021.484	0.637
2370.000	20.000	2021.484	0.637
2380.000	20.000	2021.484	0.637
2390.000	20.000	2087.891	0.647
2400.000	20.000	2087.891	0.647
2410.000	20.000	2087.891	0.647
2420.000	20.000	2142.578	0.629
2430.000	20.000	2142.578	0.629
2440.000	20.000	2142.578	0.629
2450.000	20.000	2169.922	0.631
2460.000	20.000	2169.922	0.631
2470.000	20.000	2169.922	0.631
2480.000	20.000	2177.734	0.614
2490.000	20.000	2177.734	0.614
2500.000	20.000	2177.734	0.614
2510.000	20.000	2222.656	0.636
2520.000	20.000	2222.656	0.636
2530.000	20.000	2222.656	0.636
2540.000	20.000	2248.047	0.646
2550.000	20.000	2248.047	0.646
2560.000	20.000	2248.047	0.646
2570.000	20.000	2347.656	0.631
2580.000	20.000	2347.656	0.631
2590.000	20.000	2347.656	0.631
2600.000	20.000	2341.797	0.630
2610.000	20.000	2341.797	0.630
2620.000	20.000	2341.797	0.630
2630.000	20.000	2419.922	0.643
2640.000	20.000	2419.922	0.643
2650.000	20.000	2419.922	0.643
2660.000	20.000	2445.312	0.635
2670.000	20.000	2445.312	0.635
2680.000	20.000	2445.312	0.635
2690.000	20.000	2507.812	0.648
2700.000	20.000	2507.812	0.648
2710.000	20.000	2507.812	0.648
2720.000	20.000	2541.016	0.637
2730.000	20.000	2541.016	0.637
2740.000	20.000	2541.016	0.637
2750.000	20.000	2558.594	0.648
2760.000	20.000	2558.594	0.648
2770.000	20.000	2558.594	0.648
2780.000	20.000	2640.625	0.622
2790.000	20.000	2640.625	0.622
2800.000	20.000	2640.625	0.622
2810.000	20.000	2650.391	0.619
2820.000	20.000	2650.391	0.619
2830.000	20.000	2650.391	0.619
2840.000	20.000	2669.922	0.648
2850.000	20.000	2669.922	0.648
2860.000	20.000	2669.922	0.648
2870.000	20.000	2792.969	0.616
2880.000	20.000	2792.969	0.616
2890.000	20.000	2792.969	0.616
2900.000	20.000	2785.156	0.634
2910.000	20.000	2785.156	0.634
2920.000	20.000	2785.156	0.634
2930.000	20.000	2855.469	0.632
2940.000	20.000	2855.469	0.632
2950.000	20.000	2855.469	0.632
2960.000	20.000	2865.234	0.630
2970.000	20.000	2865.234	0.630
2980.000	20.000	2865.234	0.630
2990.000	20.000	2927.734	0.643
3000.000	20.000	2927.734	0.643
3010.000	20.000	2927.734	0.643
3020.000	20.000	2966.797	0.614
3030.000	20.000	2966.797	0.614
3040.000	20.000	2966.797	0.614
3050.000	20.000	3015.625	0.627
3060.000	20.000	3015.625	0.627
3070.000	20.000	3015.625	0.627
3080.000	20.000	3042.969	0.621
3090.000	20.000	3042.969	0.621
3100.000	20.000	3042.969	0.621
3110.000	20.000	3083.984	0.626
3120.000	20.000	3083.984	0.626
3130.000	20.000	3083.984	0.626
3140.000	20.000	3115.234	0.644
3150.000	20.000	3115.234	0.644
3160.000	20.000	3115.234	0.644
3170.000	20.000	3179.687	0.635
3180.000	20.000	3179.687	0.635
3190.000	20.000	3179.687	0.635
3200.000	20.000	3162.109	0.646
3210.000	20.000	3162.109	0.646
3220.000	20.000	3162.109	0.646
3230.000	20.000	3261.719	0.616
3240.000	20.000	3261.719	0.616
3250.000	20.000	3261.719	0.616
3260.000	20.000	3302.734	0.626
3270.000	20.000	3302.734	0.626
3280.000	20.000	3302.734	0.626
3290.000	20.000	3333.984	0.615
3300.000	20.000	3333.984	0.615
3310.000	20.000	3333.984	0.615
3320.000	20.000	3382.812	0.625
3330.000	20.000	3382.812	0.625
3340.000	20.000	3382.812	0.625
3350.000	20.000	3410.156	0.619
3360.000	20.000	3410.156	0.619
3370.000	20.000	3410.156	0.619
3380.000	20.000	3503.906	0.654
3390.000	20.000	3503.906	0.654
3400.000	20.000	3503.906	0.654
3410.000	20.000	3503.906	0.618
3420.000	20.000	3503.906	0.618
3430.000	20.000	3503.906	0.618
3440.000	20.000	3529.297	0.630
3450.000	20.000	3529.297	0.630
3460.000	20.000	3529.297	0.630
3470.000	20.000	3527.344	0.607
3480.000	20.000	3527.344	0.607
3490.000	20.000	3527.344	0.607
3500.000	20.000	3609.375	0.634
3510.000	20.000	3609.375	0.634
3520.000	20.000	3609.375	0.634
3530.000	20.000	3644.531	0.639
3540.000	20.000	3644.531	0.639
3550.000	20.000	3644.531	0.639
3560.000	20.000	3695.312	0.616
3570.000	20.000	3695.312	0.616
3580.000	20.000	3695.312	0.616
3590.000	20.000	3720.703	0.630
3600.000	20.000	3720.703	0.630
3610.000	20.000	3720.703	0.630
3620.000	20.000	3769.531	0.614
3630.000	20.000	3769.531	0.614
3640.000	20.000	3769.531	0.614
3650.000	20.000	3794.922	0.626
3660.000	20.000	3794.922	0.626
3670.000	20.000	3794.922	0.626
3680.000	20.000	3841.797	0.624
3690.000	20.000	3841.797	0.624
3700.000	20.000	3841.797	0.624
3710.000	20.000	3833.984	0.620
3720.000	20.000	3833.984	0.620
3730.000	20.000	3833.984	0.620
3740.000	20.000	3908.203	0.625
3750.000	20.000	3908.203	0.625
3760.000	20.000	3908.203	0.625
3770.000	20.000	3945.312	0.619
3780.000	20.000	3945.312	0.619
3790.000	20.000	3945.312	0.619
3800.000	20.000	3992.187	0.627
3810.000	20.000	3992.187	0.627
3820.000	20.000	3992.187	0.627
3830.000	20.000	3998.047	0.630
3840.000	20.000	3998.047	0.630
3850.000	20.000	3998.047	0.630
3860.000	20.000	3998.047	0.592
3870.000	20.000	3998.047	0.592
3880.000	20.000	3998.047	0.592
3890.000	20.000	3998.047	0.630
3900.000	20.000	3998.047	0.630
3910.000	20.000	3998.047	0.630
3920.000	20.000	3998.047	0.635
3930.000	20.000	3998.047	0.635
3940.000	20.000	3998.047	0.635
3950.000	20.000	3998.047	0.631
3960.000	20.000	3998.047	0.631
3970.000	20.000	3998.047	0.631
3980.000	20.000	3998.047	0.624
3990.000	20.000	3998.047	0.624
4000.000	20.000	3998.047	0.624
4010.000	20.000	3998.047	0.602
4020.000	20.000	3998.047	0.602
4030.000	20.000	3998.047	0.602
4040.000	20.000	3998.047	0.395
4050.000	20.000	3998.047	0.395
4060.000	20.000	3998.047	0.395
4070.000	20.000	3998.047	0.208
4080.000	20.000	3998.047	0.208
4090.000	20.000	3998.047	0.208
4100.000	20.000	3998.047	0.043
4110.000	20.000	3998.047	0.043
4120.000	20.000	3998.047	0.043
4130.000	20.000	3998.047	-0.132
4140.000	20.000	3998.047	-0.132
4150.000	20.000	3998.047	-0.132
4160.000	20.000	3998.047	-0.204
4170.000	20.000	3998.047	-0.204
4180.000	20.000	3998.047	-0.204
4190.000	20.000	3998.047	-0.212
4200.000	20.000	3998.047	-0.212
4210.000	20.000	3998.047	-0.212
4220.000	20.000	3998.047	-0.176
4230.000	20.000	3998.047	-0.176
4240.000	20.000	3998.047	-0.176
4250.000	20.000	3998.047	-0.062
4260.000	20.000	3998.047	-0.062
4270.000	20.000	3998.047	-0.062
4280.000	20.000	3998.047	0.040
4290.000	20.000	3998.047	0.040
4300.000	20.000	3998.047	0.040
4310.000	20.000	3998.047	0.165
4320.000	20.000	3998.047	0.165
4330.000	20.000	3998.047	0.165
4340.000	20.000	3998.047	0.325
4350.000	20.000	3998.047	0.325
4360.000	20.000	3998.047	0.325
4370.000	20.000	3998.047	0.470
4380.000	20.000	3998.047	0.470
4390.000	20.000	3998.047	0.470
4400.000	20.000	3998.047	0.517
4410.000	20.000	3998.047	0.517
4420.000	20.000	3998.047	0.517
4430.000	20.000	3998.047	0.533
4440.000	20.000	3998.047	0.533
4450.000	20.000	3998.047	0.533
4460.000	20.000	3998.047	0.470
4470.000	20.000	3998.047	0.470
4480.000	20.000	3998.047	0.470
4490.000	20.000	3998.047	0.378
4500.000	20.000	3998.047	0.378
4510.000	20.000	3998.047	0.378
4520.000	20.000	3998.047	0.255
4530.000	20.000	3998.047	0.255
4540.000	20.000	3998.047	0.255
4550.000	20.000	3998.047	0.185
4560.000	20.000	3998.047	0.185
4570.000	20.000	3998.047	0.185
4580.000	20.000	3998.047	0.140
4590.000	20.000	3998.047	0.140
4600.000	20.000	3998.047	0.140
4610.000	20.000	3998.047	0.094
4620.000	20.000	3998.047	0.094
4630.000	20.000	3998.047	0.094
4640.000	20.000	3998.047	0.096
4650.000	20.000	3998.047	0.096
4660.000	20.000	3998.047	0.096
4670.000	20.000	3998.047	0.078
4680.000	20.000	3998.047	0.078
4690.000	20.000	3998.047	0.078
4700.000	20.000	3998.047	0.105
4710.000	20.000	3998.047	0.105
4720.000	20.000	3998.047	0.105
4730.000	20.000	3998.047	0.118
4740.000	20.000	3998.047	0.118
4750.000	20.000	3998.047	0.118
4760.000	20.000	3998.047	0.146
4770.000	20.000	3998.047	0.146
4780.000	20.000	3998.047	0.146
4790.000	20.000	3998.047	0.206
4800.000	20.000	3998.047	0.206
4810.000	20.000	3998.047	0.206
4820.000	20.000	3998.047	0.242
4830.000	20.000	3998.047	0.242
4840.000	20.000	3998.047	0.242
4850.000	20.000	3998.047	0.274
4860.000	20.000	3998.047	0.274
4870.000	20.000	3998.047	0.274
4880.000	20.000	3998.047	0.345
4890.000	20.000	3998.047	0.345
4900.000	20.000	3998.047	0.345
4910.000	20.000	3998.047	0.327
4920.000	20.000	3998.047	0.327
4930.000	20.000	3998.047	0.327
4940.000	20.000	3998.047	0.310
4950.000	20.000	3998.047	0.310
4960.000	20.000	3998.047	0.310
4970.000	20.000	3998.047	0.271
4980.000	20.000	3998.047	0.271
4990.000	20.000	3998.047	0.271
5000.000	20.000	3998.047	0.226
5010.000	20.000	3998.047	0.226
5020.000	20.000	3998.047	0.226
5030.000	20.000	3998.047	0.202
5040.000	20.000	3998.047	0.202
5050.000	20.000	3998.047	0.202
5060.000	20.000	3998.047	0.191
5070.000	20.000	3998.047	0.191
5080.000	20.000	3998.047	0.191
5090.000	20.000	3998.047	0.165
5100.000	20.000	3998.047	0.165
5110.000	20.000	3998.047	0.165
5120.000	20.000	3998.047	0.156
5130.000	20.000	3998.047	0.156
5140.000	20.000	3998.047	0.156
5150.000	20.000	3998.047	0.172
5160.000	20.000	3998.047	0.172
5170.000	20.000	3998.047	0.172
5180.000	20.000	3998.047	0.192
5190.000	20.000	3998.047	0.192
5200.000	20.000	3998.047	0.192
5210.000	20.000	3998.047	0.203
5220.000	20.000	3998.047	0.203
5230.000	20.000	3998.047	0.203
5240.000	20.000	3998.047	0.229
5250.000	20.000	3998.047	0.229
5260.000	20.000	3998.047	0.229
5270.000	20.000	3998.047	0.230
5280.000	20.000	3998.047	0.230
5290.000	20.000	3998.047	0.230
5300.000	20.000	3998.047	0.271
5310.000	20.000	3998.047	0.271
5320.000	20.000	3998.047	0.271
5330.000	20.000	3998.047	0.270
5340.000	20.000	3998.047	0.270
5350.000	20.000	3998.047	0.270
5360.000	20.000	3998.047	0.257
5370.000	20.000	3998.047	0.257
5380.000	20.000	3998.047	0.257
5390.000	20.000	3998.047	0.222
5400.000	20.000	3998.047	0.222
5410.000	20.000	3998.047	0.222
5420.000	20.000	3998.047	0.204
5430.000	20.000	3998.047	0.204
5440.000	20.000	3998.047	0.204
5450.000	20.000	3998.047	0.191
5460.000	20.000	3998.047	0.191
5470.000	20.000	3998.047	0.191
5480.000	20.000	3998.047	0.195
5490.000	20.000	3998.047	0.195
5500.000	20.000	3998.047	0.195
5510.000	20.000	3998.047	0.198
5520.000	20.000	3998.047	0.198
5530.000	20.000	3998.047	0.198
5540.000	20.000	3998.047	0.198
5550.000	20.000	3998.047	0.198
5560.000	20.000	3998.047	0.198
5570.000	20.000	3998.047	0.196
5580.000	20.000	3998.047	0.196
5590.000	20.000	3998.047	0.196
5600.000	20.000	3998.047	0.197
5610.000	20.000	3998.047	0.197
5620.000	20.000	3998.047	0.197
5630.000	20.000	3998.047	0.224
5640.000	20.000	3998.047	0.224
5650.000	20.000	3998.047	0.224
5660.000	20.000	3998.047	0.256
5670.000	20.000	3998.047	0.256
5680.000	20.000	3998.047	0.256
5690.000	20.000	3998.047	0.229
5700.000	20.000	3998.047	0.229
5710.000	20.000	3998.047	0.229
5720.000	20.000	3998.047	0.233
5730.000	20.000	3998.047	0.233
5740.000	20.000	3998.047	0.233
5750.000	20.000	3998.047	0.229
5760.000	20.000	3998.047	0.229
5770.000	20.000	3998.047	0.229
5780.000	20.000	3998.047	0.220
5790.000	20.000	3998.047	0.220
5800.000	20.000	3998.047	0.220
5810.000	20.000	3998.047	0.216
5820.000	20.000	3998.047	0.216
5830.000	20.000	3998.047	0.216
5840.000	20.000	3998.047	0.217
5850.000	20.000	3998.047	0.217
5860.000	20.000	3998.047	0.217
5870.000	20.000	3998.047	0.222
5880.000	20.000	3998.047	0.222
5890.000	20.000	3998.047	0.222
5900.000	20.000	3998.047	0.210
5910.000	20.000	3998.047	0.210
5920.000	20.000	3998.047	0.210
5930.000	20.000	3998.047	0.208
5940.000	20.000	3998.047	0.208
5950.000	20.000	3998.047	0.208
5960.000	20.000	3998.047	0.244
5970.000	20.000	3998.047	0.244
5980.000	20.000	3998.047	0.244
5990.000	20.000	3998.047	0.235
6000.000	20.000	3998.047	0.235
6010.000	20.000	3998.047	0.235
6020.000	20.000	3998.047	0.233
6030.000	20.000	3998.047	0.233
6040.000	20.000	3998.047	0.233
6050.000	20.000	3998.047	0.239
6060.000	20.000	3998.047	0.239
6070.000	20.000	3998.047	0.239
6080.000	20.000	3998.047	0.237
6090.000	20.000	3998.047	0.237
6100.000	20.000	3998.047	0.237
6110.000	20.000	3998.047	0.122
6120.000	20.000	3998.047	0.122
6130.000	20.000	3998.047	0.122
6140.000	20.000	3998.047	0.072
6150.000	20.000	3998.047	0.072
6160.000	20.000	3998.047	0.072
6170.000	20.000	3998.047	0.057
6180.000	20.000	3998.047	0.057
6190.000	20.000	3998.047	0.057
6200.000	20.000	3998.047	0.028
6210.000	20.000	3998.047	0.028
6220.000	20.000	3998.047	0.028
6230.000	20.000	3998.047	0.019
6240.000	20.000	3998.047	0.019
6250.000	20.000	3998.047	0.019
6260.000	20.000	3998.047	0.029
6270.000	20.000	3998.047	0.029
6280.000	20.000	3998.047	0.029
6290.000	20.000	3998.047	0.005
6300.000	20.000	3998.047	0.005
6310.000	20.000	3998.047	0.005
6320.000	20.000	3998.047	-0.004
6330.000	20.000	3998.047	-0.004
6340.000	20.000	3998.047	-0.004
6350.000	20.000	3998.047	0.028
6360.000	20.000	3998.047	0.028
6370.000	20.000	3998.047	0.028
6380.000	20.000	3996.094	0.035
6390.000	20.000	3996.094	0.035
6400.000	20.000	3996.094	0.035
6410.000	20.000	3960.937	-0.001
6420.000	20.000	3960.937	-0.001
6430.000	20.000	3960.937	-0.001
6440.000	20.000	3966.797	0.021
6450.000	20.000	3966.797	0.021
6460.000	20.000	3966.797	0.021
6470.000	20.000	3933.594	0.013
6480.000	20.000	3933.594	0.013
6490.000	20.000	3933.594	0.013
6500.000	20.000	3916.016	0.015
6510.000	20.000	3916.016	0.015
6520.000	20.000	3916.016	0.015
6530.000	20.000	3902.344	0.040
6540.000	20.000	3902.344	0.040
6550.000	20.000	3902.344	0.040
6560.000	20.000	3882.812	0.025
6570.000	20.000	3882.812	0.025
6580.000	20.000	3882.812	0.025
6590.000	20.000	3859.375	0.009
6600.000	20.000	3859.375	0.009
6610.000	20.000	3859.375	0.009
6620.000	20.000	3861.328	0.037
6630.000	20.000	3861.328	0.037
6640.000	20.000	3861.328	0.037
6650.000	20.000	3814.453	0.013
6660.000	20.000	3814.453	0.013
6670.000	20.000	3814.453	0.013
6680.000	20.000	3824.219	0.030
6690.000	20.000	3824.219	0.030
6700.000	20.000	3824.219	0.030
6710.000	20.000	3779.297	0.009
6720.000	20.000	3779.297	0.009
6730.000	20.000	3779.297	0.009
6740.000	20.000	3753.906	0.002
6750.000	20.000	3753.906	0.002
6760.000	20.000	3753.906	0.002
6770.000	20.000	3753.906	-0.001
6780.000	20.000	3753.906	-0.001
6790.000	20.000	3753.906	-0.001
6800.000	20.000	3748.047	0.000
6810.000	20.000	3748.047	0.000
6820.000	20.000	3748.047	0.000
6830.000	20.000	3740.234	0.024
6840.000	20.000	3740.234	0.024
6850.000	20.000	3740.234	0.024
6860.000	20.000	3695.312	0.005
6870.000	20.000	3695.312	0.005
6880.000	20.000	3695.312	0.005
6890.000	20.000	3707.031	0.032
6900.000	20.000	3707.031	0.032
6910.000	20.000	3707.031	0.032
6920.000	20.000	3664.062	0.012
6930.000	20.000	3664.062	0.012
6940.000	20.000	3664.062	0.012
6950.000	20.000	3658.203	0.025
6960.000	20.000	3658.203	0.025
6970.000	20.000	3658.203	0.025
6980.000	20.000	3626.953	-0.002
6990.000	20.000	3626.953	-0.002
7000.000	20.000	3626.953	-0.002
7010.000	20.000	3607.422	0.009
7020.000	20.000	3607.422	0.009
