%Time [ms]	Commanded Torque [mNm]	Angular Velocity [RPM]	Actual Current [Amp]	%2/24/202610:21 AM
0.000	0.000	0.000	0.000
20.000	15.000	97.656	0.032
30.000	15.000	97.656	0.032
40.000	15.000	85.937	0.021
50.000	15.000	85.937	0.021
60.000	15.000	85.937	0.021
70.000	15.000	78.125	0.038
80.000	15.000	78.125	0.038
90.000	15.000	78.125	0.038
100.000	15.000	82.031	0.029
110.000	15.000	82.031	0.029
120.000	15.000	82.031	0.029
130.000	15.000	60.547	0.046
140.000	15.000	60.547	0.046
150.000	15.000	60.547	0.046
160.000	15.000	87.891	0.013
170.000	15.000	87.891	0.013
180.000	15.000	87.891	0.013
190.000	15.000	97.656	0.025
200.000	15.000	97.656	0.025
210.000	15.000	97.656	0.025
220.000	15.000	99.609	0.038
230.000	15.000	99.609	0.038
240.000	15.000	99.609	0.038
250.000	15.000	93.750	0.038
260.000	15.000	93.750	0.038
270.000	15.000	93.750	0.038
280.000	15.000	58.594	0.012
290.000	15.000	58.594	0.012
300.000	15.000	58.594	0.012
310.000	15.000	68.359	0.038
320.000	15.000	68.359	0.038
330.000	15.000	68.359	0.038
340.000	15.000	54.687	0.049
350.000	15.000	54.687	0.049
360.000	15.000	54.687	0.049
370.000	15.000	89.844	0.046
380.000	15.000	89.844	0.046
390.000	15.000	89.844	0.046
400.000	15.000	78.125	0.023
410.000	15.000	78.125	0.023
420.000	15.000	78.125	0.023
430.000	15.000	72.266	0.022
440.000	15.000	72.266	0.022
450.000	15.000	72.266	0.022
460.000	15.000	99.609	0.005
470.000	15.000	99.609	0.005
480.000	15.000	99.609	0.005
490.000	15.000	87.891	0.037
500.000	15.000	87.891	0.037
510.000	15.000	87.891	0.037
520.000	15.000	70.312	0.043
530.000	15.000	70.312	0.043
540.000	15.000	70.312	0.043
550.000	15.000	68.359	0.019
560.000	15.000	68.359	0.019
570.000	15.000	68.359	0.019
580.000	15.000	87.891	0.033
590.000	15.000	87.891	0.033
600.000	15.000	87.891	0.033
610.000	15.000	52.734	0.033
620.000	15.000	52.734	0.033
630.000	15.000	52.734	0.033
640.000	15.000	82.031	0.021
650.000	15.000	82.031	0.021
660.000	15.000	82.031	0.021
670.000	15.000	62.500	0.043
680.000	15.000	62.500	0.043
690.000	15.000	62.500	0.043
700.000	15.000	85.937	0.018
710.000	15.000	85.937	0.018
720.000	15.000	85.937	0.018
730.000	15.000	89.844	0.017
740.000	15.000	89.844	0.017
750.000	15.000	89.844	0.017
760.000	15.000	70.312	0.027
770.000	15.000	70.312	0.027
780.000	15.000	70.312	0.027
790.000	15.000	44.922	0.037
800.000	15.000	44.922	0.037
810.000	15.000	44.922	0.037
820.000	15.000	101.562	0.020
830.000	15.000	101.562	0.020
840.000	15.000	101.562	0.020
850.000	15.000	68.359	0.033
860.000	15.000	68.359	0.033
870.000	15.000	68.359	0.033
880.000	15.000	105.469	0.019
890.000	15.000	105.469	0.019
900.000	15.000	105.469	0.019
910.000	15.000	91.797	0.019
920.000	15.000	91.797	0.019
930.000	15.000	91.797	0.019
940.000	15.000	44.922	0.016
950.000	15.000	44.922	0.016
960.000	15.000	44.922	0.016
970.000	15.000	83.984	0.031
980.000	15.000	83.984	0.031
990.000	15.000	83.984	0.031
1000.000	15.000	60.547	0.025
1010.000	15.000	60.547	0.025
1020.000	15.000	60.547	0.025
1030.000	15.000	37.109	0.039
1040.000	15.000	37.109	0.039
1050.000	15.000	37.109	0.039
1060.000	15.000	78.125	0.041
1070.000	15.000	78.125	0.041
1080.000	15.000	78.125	0.041
1090.000	15.000	64.453	0.272
1100.000	15.000	64.453	0.272
1110.000	15.000	64.453	0.272
1120.000	15.000	62.500	0.406
1130.000	15.000	62.500	0.406
1140.000	15.000	62.500	0.406
1150.000	15.000	138.672	0.431
1160.000	15.000	138.672	0.431
1170.000	15.000	138.672	0.431
1180.000	15.000	115.234	0.459
1190.000	15.000	115.234	0.459
1200.000	15.000	115.234	0.459
1210.000	15.000	201.172	0.466
1220.000	15.000	201.172	0.466
1230.000	15.000	201.172	0.466
1240.000	15.000	236.328	0.479
1250.000	15.000	236.328	0.479
1260.000	15.000	236.328	0.479
1270.000	15.000	240.234	0.483
1280.000	15.000	240.234	0.483
1290.000	15.000	240.234	0.483
1300.000	15.000	314.453	0.476
1310.000	15.000	314.453	0.476
1320.000	15.000	314.453	0.476
1330.000	15.000	318.359	0.491
1340.000	15.000	318.359	0.491
1350.000	15.000	318.359	0.491
1360.000	15.000	361.328	0.476
1370.000	15.000	361.328	0.476
1380.000	15.000	361.328	0.476
1390.000	15.000	380.859	0.475
1400.000	15.000	380.859	0.475
1410.000	15.000	380.859	0.475
1420.000	15.000	457.031	0.467
1430.000	15.000	457.031	0.467
1440.000	15.000	457.031	0.467
1450.000	15.000	429.687	0.470
1460.000	15.000	429.687	0.470
1470.000	15.000	429.687	0.470
1480.000	15.000	494.141	0.467
1490.000	15.000	494.141	0.467
1500.000	15.000	494.141	0.467
1510.000	15.000	556.641	0.496
1520.000	15.000	556.641	0.496
1530.000	15.000	556.641	0.496
1540.000	15.000	591.797	0.469
1550.000	15.000	591.797	0.469
1560.000	15.000	591.797	0.469
1570.000	15.000	615.234	0.494
1580.000	15.000	615.234	0.494
1590.000	15.000	615.234	0.494
1600.000	15.000	644.531	0.474
1610.000	15.000	644.531	0.474
1620.000	15.000	644.531	0.474
1630.000	15.000	667.969	0.496
1640.000	15.000	667.969	0.496
1650.000	15.000	667.969	0.496
1660.000	15.000	707.031	0.468
1670.000	15.000	707.031	0.468
1680.000	15.000	707.031	0.468
1690.000	15.000	712.891	0.498
1700.000	15.000	712.891	0.498
1710.000	15.000	712.891	0.498
1720.000	15.000	781.250	0.482
1730.000	15.000	781.250	0.482
1740.000	15.000	781.250	0.482
1750.000	15.000	818.359	0.467
1760.000	15.000	818.359	0.467
1770.000	15.000	818.359	0.467
1780.000	15.000	820.312	0.466
1790.000	15.000	820.312	0.466
1800.000	15.000	820.312	0.466
1810.000	15.000	843.750	0.490
1820.000	15.000	843.750	0.490
1830.000	15.000	843.750	0.490
1840.000	15.000	894.531	0.492
1850.000	15.000	894.531	0.492
1860.000	15.000	894.531	0.492
1870.000	15.000	949.219	0.488
1880.000	15.000	949.219	0.488
1890.000	15.000	949.219	0.488
1900.000	15.000	958.984	0.487
1910.000	15.000	958.984	0.487
1920.000	15.000	958.984	0.487
1930.000	15.000	972.656	0.469
1940.000	15.000	972.656	0.469
1950.000	15.000	972.656	0.469
1960.000	15.000	1042.969	0.495
1970.000	15.000	1042.969	0.495
1980.000	15.000	1042.969	0.495
1990.000	15.000	1087.891	0.467
2000.000	15.000	1087.891	0.467
2010.000	15.000	1087.891	0.467
2020.000	15.000	1113.281	0.483
2030.000	15.000	1113.281	0.483
2040.000	15.000	1113.281	0.483
2050.000	15.000	1097.656	0.478
2060.000	15.000	1097.656	0.478
2070.000	15.000	1097.656	0.478
2080.000	15.000	1183.594	0.467
2090.000	15.000	1183.594	0.467
2100.000	15.000	1183.594	0.467
2110.000	15.000	1181.641	0.488
2120.000	15.000	1181.641	0.488
2130.000	15.000	1181.641	0.488
2140.000	15.000	1208.984	0.478
2150.000	15.000	1208.984	0.478
2160.000	15.000	1208.984	0.478
2170.000	15.000	1265.625	0.485
2180.000	15.000	1265.625	0.485
2190.000	15.000	1265.625	0.485
2200.000	15.000	1257.812	0.499
2210.000	15.000	1257.812	0.499
2220.000	15.000	1257.812	0.499
2230.000	15.000	1330.078	0.498
2240.000	15.000	1330.078	0.498
2250.000	15.000	1330.078	0.498
2260.000	15.000	1343.750	0.474
2270.000	15.000	1343.750	0.474
2280.000	15.000	1343.750	0.474
2290.000	15.000	1380.859	0.498
2300.000	15.000	1380.859	0.498
2310.000	15.000	1380.859	0.498
2320.000	15.000	1392.578	0.484
2330.000	15.000	1392.578	0.484
2340.000	15.000	1392.578	0.484
2350.000	15.000	1398.437	0.465
2360.000	15.000	1398.437	0.465
2370.000	15.000	1398.437	0.465
2380.000	15.000	1437.500	0.495
2390.000	15.000	1437.500	0.495
2400.000	15.000	1437.500	0.495
2410.000	15.000	1460.937	0.447
2420.000	15.000	1460.937	0.447
2430.000	15.000	1460.937	0.447
2440.000	15.000	1521.484	0.466
2450.000	15.000	1521.484	0.466
2460.000	15.000	1521.484	0.466
2470.000	15.000	1578.125	0.479
2480.000	15.000	1578.125	0.479
2490.000	15.000	1578.125	0.479
2500.000	15.000	1583.984	0.481
2510.000	15.000	1583.984	0.481
2520.000	15.000	1583.984	0.481
2530.000	15.000	1617.187	0.479
2540.000	15.000	1617.187	0.479
2550.000	15.000	1617.187	0.479
2560.000	15.000	1656.250	0.470
2570.000	15.000	1656.250	0.470
2580.000	15.000	1656.250	0.470
2590.000	15.000	1671.875	0.460
2600.000	15.000	1671.875	0.460
2610.000	15.000	1671.875	0.460
2620.000	15.000	1697.266	0.487
2630.000	15.000	1697.266	0.487
2640.000	15.000	1697.266	0.487
2650.000	15.000	1722.656	0.451
2660.000	15.000	1722.656	0.451
2670.000	15.000	1722.656	0.451
2680.000	15.000	1785.156	0.472
2690.000	15.000	1785.156	0.472
2700.000	15.000	1785.156	0.472
2710.000	15.000	1771.484	0.474
2720.000	15.000	1771.484	0.474
2730.000	15.000	1771.484	0.474
2740.000	15.000	1814.453	0.479
2750.000	15.000	1814.453	0.479
2760.000	15.000	1814.453	0.479
2770.000	15.000	1847.656	0.465
2780.000	15.000	1847.656	0.465
2790.000	15.000	1847.656	0.465
2800.000	15.000	1855.469	0.495
2810.000	15.000	1855.469	0.495
2820.000	15.000	1855.469	0.495
2830.000	15.000	1914.062	0.476
2840.000	15.000	1914.062	0.476
2850.000	15.000	1914.062	0.476
2860.000	15.000	1935.547	0.478
2870.000	15.000	1935.547	0.478
2880.000	15.000	1935.547	0.478
2890.000	15.000	2003.906	0.457
2900.000	15.000	2003.906	0.457
2910.000	15.000	2003.906	0.457
2920.000	15.000	2025.391	0.466
2930.000	15.000	2025.391	0.466
2940.000	15.000	2025.391	0.466
2950.000	15.000	2021.484	0.481
2960.000	15.000	2021.484	0.481
2970.000	15.000	2021.484	0.481
2980.000	15.000	2050.781	0.487
2990.000	15.000	2050.781	0.487
3000.000	15.000	2050.781	0.487
3010.000	15.000	2109.375	0.467
3020.000	15.000	2109.375	0.467
3030.000	15.000	2109.375	0.467
3040.000	15.000	2101.562	0.487
3050.000	15.000	2101.562	0.487
3060.000	15.000	2101.562	0.487
3070.000	15.000	2125.000	0.490
3080.000	15.000	2125.000	0.490
3090.000	15.000	2125.000	0.490
3100.000	15.000	2128.906	0.461
3110.000	15.000	2128.906	0.461
3120.000	15.000	2128.906	0.461
3130.000	15.000	2181.641	0.492
3140.000	15.000	2181.641	0.492
3150.000	15.000	2181.641	0.492
3160.000	15.000	2207.031	0.483
3170.000	15.000	2207.031	0.483
3180.000	15.000	2207.031	0.483
3190.000	15.000	2273.437	0.479
3200.000	15.000	2273.437	0.479
3210.000	15.000	2273.437	0.479
3220.000	15.000	2291.016	0.491
3230.000	15.000	2291.016	0.491
3240.000	15.000	2291.016	0.491
3250.000	15.000	2292.969	0.472
3260.000	15.000	2292.969	0.472
3270.000	15.000	2292.969	0.472
3280.000	15.000	2353.516	0.475
3290.000	15.000	2353.516	0.475
3300.000	15.000	2353.516	0.475
3310.000	15.000	2376.953	0.480
3320.000	15.000	2376.953	0.480
3330.000	15.000	2376.953	0.480
3340.000	15.000	2404.297	0.490
3350.000	15.000	2404.297	0.490
3360.000	15.000	2404.297	0.490
3370.000	15.000	2419.922	0.473
3380.000	15.000	2419.922	0.473
3390.000	15.000	2419.922	0.473
3400.000	15.000	2468.750	0.453
3410.000	15.000	2468.750	0.453
3420.000	15.000	2468.750	0.453
3430.000	15.000	2472.656	0.472
3440.000	15.000	2472.656	0.472
3450.000	15.000	2472.656	0.472
3460.000	15.000	2472.656	0.444
3470.000	15.000	2472.656	0.444
3480.000	15.000	2472.656	0.444
3490.000	15.000	2552.734	0.502
3500.000	15.000	2552.734	0.502
3510.000	15.000	2552.734	0.502
3520.000	15.000	2568.359	0.474
3530.000	15.000	2568.359	0.474
3540.000	15.000	2568.359	0.474
3550.000	15.000	2576.172	0.470
3560.000	15.000	2576.172	0.470
3570.000	15.000	2576.172	0.470
3580.000	15.000	2634.766	0.479
3590.000	15.000	2634.766	0.479
3600.000	15.000	2634.766	0.479
3610.000	15.000	2630.859	0.483
3620.000	15.000	2630.859	0.483
3630.000	15.000	2630.859	0.483
3640.000	15.000	2644.531	0.486
3650.000	15.000	2644.531	0.486
3660.000	15.000	2644.531	0.486
3670.000	15.000	2677.734	0.488
3680.000	15.000	2677.734	0.488
3690.000	15.000	2677.734	0.488
3700.000	15.000	2687.500	0.486
3710.000	15.000	2687.500	0.486
3720.000	15.000	2687.500	0.486
3730.000	15.000	2732.422	0.497
3740.000	15.000	2732.422	0.497
3750.000	15.000	2732.422	0.497
3760.000	15.000	2771.484	0.471
3770.000	15.000	2771.484	0.471
3780.000	15.000	2771.484	0.471
3790.000	15.000	2796.875	0.478
3800.000	15.000	2796.875	0.478
3810.000	15.000	2796.875	0.478
3820.000	15.000	2808.594	0.498
3830.000	15.000	2808.594	0.498
3840.000	15.000	2808.594	0.498
3850.000	15.000	2853.516	0.484
3860.000	15.000	2853.516	0.484
3870.000	15.000	2853.516	0.484
3880.000	15.000	2886.719	0.476
3890.000	15.000	2886.719	0.476
3900.000	15.000	2886.719	0.476
3910.000	15.000	2916.016	0.476
3920.000	15.000	2916.016	0.476
3930.000	15.000	2916.016	0.476
3940.000	15.000	2927.734	0.466
3950.000	15.000	2927.734	0.466
3960.000	15.000	2927.734	0.466
3970.000	15.000	2974.609	0.494
3980.000	15.000	2974.609	0.494
3990.000	15.000	2974.609	0.494
4000.000	15.000	3009.766	0.477
4010.000	15.000	3009.766	0.477
4020.000	15.000	3009.766	0.477
4030.000	15.000	3003.906	0.454
4040.000	15.000	3003.906	0.454
4050.000	15.000	3003.906	0.454
4060.000	15.000	3027.344	0.482
4070.000	15.000	3027.344	0.482
4080.000	15.000	3027.344	0.482
4090.000	15.000	3060.547	0.480
4100.000	15.000	3060.547	0.480
4110.000	15.000	3060.547	0.480
4120.000	15.000	3103.516	0.469
4130.000	15.000	3103.516	0.469
4140.000	15.000	3103.516	0.469
4150.000	15.000	3113.281	0.491
4160.000	15.000	3113.281	0.491
4170.000	15.000	3113.281	0.491
4180.000	15.000	3125.000	0.476
4190.000	15.000	3125.000	0.476
4200.000	15.000	3125.000	0.476
4210.000	15.000	3167.969	0.470
4220.000	15.000	3167.969	0.470
4230.000	15.000	3167.969	0.470
4240.000	15.000	3212.891	0.460
4250.000	15.000	3212.891	0.460
4260.000	15.000	3212.891	0.460
4270.000	15.000	3240.234	0.473
4280.000	15.000	3240.234	0.473
4290.000	15.000	3240.234	0.473
4300.000	15.000	3255.859	0.474
4310.000	15.000	3255.859	0.474
4320.000	15.000	3255.859	0.474
4330.000	15.000	3279.297	0.471
4340.000	15.000	3279.297	0.471
4350.000	15.000	3279.297	0.471
4360.000	15.000	3281.250	0.479
4370.000	15.000	3281.250	0.479
4380.000	15.000	3281.250	0.479
4390.000	15.000	3333.984	0.476
4400.000	15.000	3333.984	0.476
4410.000	15.000	3333.984	0.476
4420.000	15.000	3341.797	0.479
4430.000	15.000	3341.797	0.479
4440.000	15.000	3341.797	0.479
4450.000	15.000	3361.328	0.480
4460.000	15.000	3361.328	0.480
4470.000	15.000	3361.328	0.480
4480.000	15.000	3330.078	0.484
4490.000	15.000	3330.078	0.484
4500.000	15.000	3330.078	0.484
4510.000	15.000	3445.312	0.478
4520.000	15.000	3445.312	0.478
4530.000	15.000	3445.312	0.478
4540.000	15.000	3443.359	0.483
4550.000	15.000	3443.359	0.483
4560.000	15.000	3443.359	0.483
4570.000	15.000	3460.937	0.472
4580.000	15.000	3460.937	0.472
4590.000	15.000	3460.937	0.472
4600.000	15.000	3498.047	0.476
4610.000	15.000	3498.047	0.476
4620.000	15.000	3498.047	0.476
4630.000	15.000	3535.156	0.485
4640.000	15.000	3535.156	0.485
4650.000	15.000	3535.156	0.485
4660.000	15.000	3541.016	0.483
4670.000	15.000	3541.016	0.483
4680.000	15.000	3541.016	0.483
4690.000	15.000	3593.750	0.468
4700.000	15.000	3593.750	0.468
4710.000	15.000	3593.750	0.468
4720.000	15.000	3570.312	0.462
4730.000	15.000	3570.312	0.462
4740.000	15.000	3570.312	0.462
4750.000	15.000	3628.906	0.459
4760.000	15.000	3628.906	0.459
4770.000	15.000	3628.906	0.459
4780.000	15.000	3675.781	0.494
4790.000	15.000	3675.781	0.494
4800.000	15.000	3675.781	0.494
4810.000	15.000	3669.922	0.458
4820.000	15.000	3669.922	0.458
4830.000	15.000	3669.922	0.458
4840.000	15.000	3689.453	0.480
4850.000	15.000	3689.453	0.480
4860.000	15.000	3689.453	0.480
4870.000	15.000	3722.656	0.463
4880.000	15.000	3722.656	0.463
4890.000	15.000	3722.656	0.463
4900.000	15.000	3751.953	0.481
4910.000	15.000	3751.953	0.481
4920.000	15.000	3751.953	0.481
4930.000	15.000	3767.578	0.462
4940.000	15.000	3767.578	0.462
4950.000	15.000	3767.578	0.462
4960.000	15.000	3759.766	0.430
4970.000	15.000	3759.766	0.430
4980.000	15.000	3759.766	0.430
4990.000	15.000	3802.734	0.482
5000.000	15.000	3802.734	0.482
5010.000	15.000	3802.734	0.482
5020.000	15.000	3824.219	0.480
5030.000	15.000	3824.219	0.480
5040.000	15.000	3824.219	0.480
5050.000	15.000	3867.187	0.455
5060.000	15.000	3867.187	0.455
5070.000	15.000	3867.187	0.455
5080.000	15.000	3906.250	0.468
5090.000	15.000	3906.250	0.468
5100.000	15.000	3906.250	0.468
5110.000	15.000	3935.547	0.464
5120.000	15.000	3935.547	0.464
5130.000	15.000	3935.547	0.464
5140.000	15.000	3935.547	0.469
5150.000	15.000	3935.547	0.469
5160.000	15.000	3935.547	0.469
5170.000	15.000	3978.516	0.488
5180.000	15.000	3978.516	0.488
5190.000	15.000	3978.516	0.488
5200.000	15.000	3994.141	0.485
5210.000	15.000	3994.141	0.485
5220.000	15.000	3994.141	0.485
5230.000	15.000	3990.234	0.477
5240.000	15.000	3990.234	0.477
5250.000	15.000	3990.234	0.477
5260.000	15.000	3994.141	0.461
5270.000	15.000	3994.141	0.461
5280.000	15.000	3994.141	0.461
5290.000	15.000	3998.047	0.497
5300.000	15.000	3998.047	0.497
5310.000	15.000	3998.047	0.497
5320.000	15.000	3998.047	0.472
5330.000	15.000	3998.047	0.472
5340.000	15.000	3998.047	0.472
5350.000	15.000	3998.047	0.472
5360.000	15.000	3998.047	0.472
5370.000	15.000	3998.047	0.472
5380.000	15.000	3998.047	0.485
5390.000	15.000	3998.047	0.485
5400.000	15.000	3998.047	0.485
5410.000	15.000	3998.047	0.476
5420.000	15.000	3998.047	0.476
5430.000	15.000	3998.047	0.476
5440.000	15.000	3998.047	0.462
5450.000	15.000	3998.047	0.462
5460.000	15.000	3998.047	0.462
5470.000	15.000	3998.047	0.461
5480.000	15.000	3998.047	0.461
5490.000	15.000	3998.047	0.461
5500.000	15.000	3998.047	0.461
5510.000	15.000	3998.047	0.461
5520.000	15.000	3998.047	0.461
5530.000	15.000	3998.047	0.413
5540.000	15.000	3998.047	0.413
5550.000	15.000	3998.047	0.413
5560.000	15.000	3998.047	0.258
5570.000	15.000	3998.047	0.258
5580.000	15.000	3998.047	0.258
5590.000	15.000	3998.047	0.127
5600.000	15.000	3998.047	0.127
5610.000	15.000	3998.047	0.127
5620.000	15.000	3998.047	0.004
5630.000	15.000	3998.047	0.004
5640.000	15.000	3998.047	0.004
5650.000	15.000	3998.047	-0.075
5660.000	15.000	3998.047	-0.075
5670.000	15.000	3998.047	-0.075
5680.000	15.000	3998.047	-0.130
5690.000	15.000	3998.047	-0.130
5700.000	15.000	3998.047	-0.130
5710.000	15.000	3998.047	-0.112
5720.000	15.000	3998.047	-0.112
5730.000	15.000	3998.047	-0.112
5740.000	15.000	3998.047	-0.071
5750.000	15.000	3998.047	-0.071
5760.000	15.000	3998.047	-0.071
5770.000	15.000	3998.047	0.015
5780.000	15.000	3998.047	0.015
5790.000	15.000	3998.047	0.015
5800.000	15.000	3998.047	0.078
5810.000	15.000	3998.047	0.078
5820.000	15.000	3998.047	0.078
5830.000	15.000	3998.047	0.176
5840.000	15.000	3998.047	0.176
5850.000	15.000	3998.047	0.176
5860.000	15.000	3998.047	0.332
5870.000	15.000	3998.047	0.332
5880.000	15.000	3998.047	0.332
5890.000	15.000	3998.047	0.402
5900.000	15.000	3998.047	0.402
5910.000	15.000	3998.047	0.402
5920.000	15.000	3998.047	0.458
5930.000	15.000	3998.047	0.458
5940.000	15.000	3998.047	0.458
5950.000	15.000	3998.047	0.458
5960.000	15.000	3998.047	0.458
5970.000	15.000	3998.047	0.458
5980.000	15.000	3998.047	0.436
5990.000	15.000	3998.047	0.436
6000.000	15.000	3998.047	0.436
6010.000	15.000	3998.047	0.363
6020.000	15.000	3998.047	0.363
6030.000	15.000	3998.047	0.363
6040.000	15.000	3998.047	0.271
6050.000	15.000	3998.047	0.271
6060.000	15.000	3998.047	0.271
6070.000	15.000	3998.047	0.200
6080.000	15.000	3998.047	0.200
6090.000	15.000	3998.047	0.200
6100.000	15.000	3998.047	0.098
6110.000	15.000	3998.047	0.098
6120.000	15.000	3998.047	0.098
6130.000	15.000	3998.047	0.046
6140.000	15.000	3998.047	0.046
6150.000	15.000	3998.047	0.046
6160.000	15.000	3998.047	0.014
6170.000	15.000	3998.047	0.014
6180.000	15.000	3998.047	0.014
6190.000	15.000	3998.047	0.028
6200.000	15.000	3998.047	0.028
6210.000	15.000	3998.047	0.028
6220.000	15.000	3998.047	0.030
6230.000	15.000	3998.047	0.030
6240.000	15.000	3998.047	0.030
6250.000	15.000	3998.047	0.006
6260.000	15.000	3998.047	0.006
6270.000	15.000	3998.047	0.006
6280.000	15.000	3998.047	0.014
6290.000	15.000	3998.047	0.014
6300.000	15.000	3998.047	0.014
6310.000	15.000	3998.047	0.028
6320.000	15.000	3998.047	0.028
6330.000	15.000	3998.047	0.028
6340.000	15.000	3998.047	0.027
6350.000	15.000	3998.047	0.027
6360.000	15.000	3998.047	0.027
6370.000	15.000	3998.047	0.026
6380.000	15.000	3998.047	0.026
6390.000	15.000	3998.047	0.026
6400.000	15.000	3998.047	0.013
6410.000	15.000	3998.047	0.013
6420.000	15.000	3998.047	0.013
6430.000	15.000	3992.187	0.007
6440.000	15.000	3992.187	0.007
6450.000	15.000	3992.187	0.007
6460.000	15.000	3992.187	0.035
6470.000	15.000	3992.187	0.035
6480.000	15.000	3992.187	0.035
6490.000	15.000	3958.984	0.009
6500.000	15.000	3958.984	0.009
6510.000	15.000	3958.984	0.009
6520.000	15.000	3927.734	0.023
6530.000	15.000	3927.734	0.023
6540.000	15.000	3927.734	0.023
6550.000	15.000	3925.781	0.008
6560.000	15.000	3925.781	0.008
6570.000	15.000	3925.781	0.008
6580.000	15.000	3908.203	0.008
6590.000	15.000	3908.203	0.008
6600.000	15.000	3908.203	0.008
6610.000	15.000	3849.609	0.022
6620.000	15.000	3849.609	0.022
6630.000	15.000	3849.609	0.022
6640.000	15.000	3892.578	0.021
6650.000	15.000	3892.578	0.021
6660.000	15.000	3892.578	0.021
6670.000	15.000	3828.125	0.022
6680.000	15.000	3828.125	0.022
6690.000	15.000	3828.125	0.022
6700.000	15.000	3847.656	0.021
6710.000	15.000	3847.656	0.021
6720.000	15.000	3847.656	0.021
6730.000	15.000	3824.219	0.028
6740.000	15.000	3824.219	0.028
6750.000	15.000	3824.219	0.028
6760.000	15.000	3832.031	0.026
6770.000	15.000	3832.031	0.026
6780.000	15.000	3832.031	0.026
6790.000	15.000	3804.687	0.014
6800.000	15.000	3804.687	0.014
6810.000	15.000	3804.687	0.014
6820.000	15.000	3789.062	0.024
6830.000	15.000	3789.062	0.024
6840.000	15.000	3789.062	0.024
6850.000	15.000	3740.234	0.022
6860.000	15.000	3740.234	0.022
6870.000	15.000	3740.234	0.022
6880.000	15.000	3712.891	0.003
6890.000	15.000	3712.891	0.003
6900.000	15.000	3712.891	0.003
6910.000	15.000	3701.172	0.024
6920.000	15.000	3701.172	0.024
6930.000	15.000	3701.172	0.024
6940.000	15.000	3708.984	0.022
6950.000	15.000	3708.984	0.022
6960.000	15.000	3708.984	0.022
6970.000	15.000	3650.391	0.022
6980.000	15.000	3650.391	0.022
6990.000	15.000	3650.391	0.022
7000.000	15.000	3669.922	0.025
7010.000	15.000	3669.922	0.025
7020.000	15.000	3669.922	0.025
