%Time [ms]	Commanded Torque [mNm]	Angular Velocity [RPM]	Actual Current [Amp]	%2/24/202610:19 AM
0.000	0.000	0.000	0.000
20.000	18.000	48.828	0.034
30.000	18.000	48.828	0.034
40.000	18.000	80.078	0.027
50.000	18.000	80.078	0.027
60.000	18.000	80.078	0.027
70.000	18.000	76.172	0.036
80.000	18.000	76.172	0.036
90.000	18.000	76.172	0.036
100.000	18.000	82.031	0.039
110.000	18.000	82.031	0.039
120.000	18.000	82.031	0.039
130.000	18.000	89.844	0.042
140.000	18.000	89.844	0.042
150.000	18.000	89.844	0.042
160.000	18.000	56.641	0.037
170.000	18.000	56.641	0.037
180.000	18.000	56.641	0.037
190.000	18.000	44.922	0.009
200.000	18.000	44.922	0.009
210.000	18.000	44.922	0.009
220.000	18.000	74.219	0.035
230.000	18.000	74.219	0.035
240.000	18.000	74.219	0.035
250.000	18.000	78.125	0.030
260.000	18.000	78.125	0.030
270.000	18.000	78.125	0.030
280.000	18.000	72.266	0.021
290.000	18.000	72.266	0.021
300.000	18.000	72.266	0.021
310.000	18.000	82.031	0.022
320.000	18.000	82.031	0.022
330.000	18.000	82.031	0.022
340.000	18.000	80.078	0.024
350.000	18.000	80.078	0.024
360.000	18.000	80.078	0.024
370.000	18.000	74.219	0.026
380.000	18.000	74.219	0.026
390.000	18.000	74.219	0.026
400.000	18.000	93.750	0.006
410.000	18.000	93.750	0.006
420.000	18.000	93.750	0.006
430.000	18.000	66.406	0.031
440.000	18.000	66.406	0.031
450.000	18.000	66.406	0.031
460.000	18.000	72.266	0.029
470.000	18.000	72.266	0.029
480.000	18.000	72.266	0.029
490.000	18.000	82.031	0.028
500.000	18.000	82.031	0.028
510.000	18.000	82.031	0.028
520.000	18.000	72.266	0.032
530.000	18.000	72.266	0.032
540.000	18.000	72.266	0.032
550.000	18.000	72.266	0.028
560.000	18.000	72.266	0.028
570.000	18.000	72.266	0.028
580.000	18.000	76.172	0.039
590.000	18.000	76.172	0.039
600.000	18.000	76.172	0.039
610.000	18.000	60.547	0.041
620.000	18.000	60.547	0.041
630.000	18.000	60.547	0.041
640.000	18.000	82.031	0.025
650.000	18.000	82.031	0.025
660.000	18.000	82.031	0.025
670.000	18.000	76.172	0.029
680.000	18.000	76.172	0.029
690.000	18.000	76.172	0.029
700.000	18.000	82.031	0.032
710.000	18.000	82.031	0.032
720.000	18.000	82.031	0.032
730.000	18.000	95.703	0.039
740.000	18.000	95.703	0.039
750.000	18.000	95.703	0.039
760.000	18.000	60.547	0.032
770.000	18.000	60.547	0.032
780.000	18.000	60.547	0.032
790.000	18.000	87.891	0.009
800.000	18.000	87.891	0.009
810.000	18.000	87.891	0.009
820.000	18.000	54.687	0.015
830.000	18.000	54.687	0.015
840.000	18.000	54.687	0.015
850.000	18.000	95.703	0.035
860.000	18.000	95.703	0.035
870.000	18.000	95.703	0.035
880.000	18.000	78.125	0.023
890.000	18.000	78.125	0.023
900.000	18.000	78.125	0.023
910.000	18.000	93.750	0.006
920.000	18.000	93.750	0.006
930.000	18.000	93.750	0.006
940.000	18.000	80.078	0.018
950.000	18.000	80.078	0.018
960.000	18.000	80.078	0.018
970.000	18.000	66.406	0.027
980.000	18.000	66.406	0.027
990.000	18.000	66.406	0.027
1000.000	18.000	62.500	0.030
1010.000	18.000	62.500	0.030
1020.000	18.000	62.500	0.030
1030.000	18.000	93.750	0.006
1040.000	18.000	93.750	0.006
1050.000	18.000	93.750	0.006
1060.000	18.000	60.547	0.037
1070.000	18.000	60.547	0.037
1080.000	18.000	60.547	0.037
1090.000	18.000	82.031	0.328
1100.000	18.000	82.031	0.328
1110.000	18.000	82.031	0.328
1120.000	18.000	76.172	0.479
1130.000	18.000	76.172	0.479
1140.000	18.000	76.172	0.479
1150.000	18.000	132.812	0.540
1160.000	18.000	132.812	0.540
1170.000	18.000	132.812	0.540
1180.000	18.000	181.641	0.571
1190.000	18.000	181.641	0.571
1200.000	18.000	181.641	0.571
1210.000	18.000	238.281	0.581
1220.000	18.000	238.281	0.581
1230.000	18.000	238.281	0.581
1240.000	18.000	316.406	0.587
1250.000	18.000	316.406	0.587
1260.000	18.000	316.406	0.587
1270.000	18.000	320.312	0.570
1280.000	18.000	320.312	0.570
1290.000	18.000	320.312	0.570
1300.000	18.000	361.328	0.576
1310.000	18.000	361.328	0.576
1320.000	18.000	361.328	0.576
1330.000	18.000	433.594	0.586
1340.000	18.000	433.594	0.586
1350.000	18.000	433.594	0.586
1360.000	18.000	455.078	0.578
1370.000	18.000	455.078	0.578
1380.000	18.000	455.078	0.578
1390.000	18.000	464.844	0.607
1400.000	18.000	464.844	0.607
1410.000	18.000	464.844	0.607
1420.000	18.000	527.344	0.584
1430.000	18.000	527.344	0.584
1440.000	18.000	527.344	0.584
1450.000	18.000	580.078	0.586
1460.000	18.000	580.078	0.586
1470.000	18.000	580.078	0.586
1480.000	18.000	607.422	0.573
1490.000	18.000	607.422	0.573
1500.000	18.000	607.422	0.573
1510.000	18.000	628.906	0.590
1520.000	18.000	628.906	0.590
1530.000	18.000	628.906	0.590
1540.000	18.000	685.547	0.588
1550.000	18.000	685.547	0.588
1560.000	18.000	685.547	0.588
1570.000	18.000	751.953	0.578
1580.000	18.000	751.953	0.578
1590.000	18.000	751.953	0.578
1600.000	18.000	804.687	0.570
1610.000	18.000	804.687	0.570
1620.000	18.000	804.687	0.570
1630.000	18.000	820.312	0.590
1640.000	18.000	820.312	0.590
1650.000	18.000	820.312	0.590
1660.000	18.000	900.391	0.589
1670.000	18.000	900.391	0.589
1680.000	18.000	900.391	0.589
1690.000	18.000	925.781	0.573
1700.000	18.000	925.781	0.573
1710.000	18.000	925.781	0.573
1720.000	18.000	970.703	0.576
1730.000	18.000	970.703	0.576
1740.000	18.000	970.703	0.576
1750.000	18.000	1023.437	0.582
1760.000	18.000	1023.437	0.582
1770.000	18.000	1023.437	0.582
1780.000	18.000	1056.641	0.585
1790.000	18.000	1056.641	0.585
1800.000	18.000	1056.641	0.585
1810.000	18.000	1056.641	0.533
1820.000	18.000	1056.641	0.533
1830.000	18.000	1056.641	0.533
1840.000	18.000	1109.375	0.569
1850.000	18.000	1109.375	0.569
1860.000	18.000	1109.375	0.569
1870.000	18.000	1166.016	0.595
1880.000	18.000	1166.016	0.595
1890.000	18.000	1166.016	0.595
1900.000	18.000	1220.703	0.563
1910.000	18.000	1220.703	0.563
1920.000	18.000	1220.703	0.563
1930.000	18.000	1248.047	0.576
1940.000	18.000	1248.047	0.576
1950.000	18.000	1248.047	0.576
1960.000	18.000	1289.062	0.592
1970.000	18.000	1289.062	0.592
1980.000	18.000	1289.062	0.592
1990.000	18.000	1314.453	0.568
2000.000	18.000	1314.453	0.568
2010.000	18.000	1314.453	0.568
2020.000	18.000	1361.328	0.580
2030.000	18.000	1361.328	0.580
2040.000	18.000	1361.328	0.580
2050.000	18.000	1388.672	0.555
2060.000	18.000	1388.672	0.555
2070.000	18.000	1388.672	0.555
2080.000	18.000	1480.469	0.586
2090.000	18.000	1480.469	0.586
2100.000	18.000	1480.469	0.586
2110.000	18.000	1498.047	0.582
2120.000	18.000	1498.047	0.582
2130.000	18.000	1498.047	0.582
2140.000	18.000	1539.062	0.586
2150.000	18.000	1539.062	0.586
2160.000	18.000	1539.062	0.586
2170.000	18.000	1605.469	0.565
2180.000	18.000	1605.469	0.565
2190.000	18.000	1605.469	0.565
2200.000	18.000	1603.516	0.586
2210.000	18.000	1603.516	0.586
2220.000	18.000	1603.516	0.586
2230.000	18.000	1689.453	0.592
2240.000	18.000	1689.453	0.592
2250.000	18.000	1689.453	0.592
2260.000	18.000	1699.219	0.576
2270.000	18.000	1699.219	0.576
2280.000	18.000	1699.219	0.576
2290.000	18.000	1726.562	0.579
2300.000	18.000	1726.562	0.579
2310.000	18.000	1726.562	0.579
2320.000	18.000	1796.875	0.604
2330.000	18.000	1796.875	0.604
2340.000	18.000	1796.875	0.604
2350.000	18.000	1785.156	0.577
2360.000	18.000	1785.156	0.577
2370.000	18.000	1785.156	0.577
2380.000	18.000	1853.516	0.570
2390.000	18.000	1853.516	0.570
2400.000	18.000	1853.516	0.570
2410.000	18.000	1919.922	0.581
2420.000	18.000	1919.922	0.581
2430.000	18.000	1919.922	0.581
2440.000	18.000	1935.547	0.580
2450.000	18.000	1935.547	0.580
2460.000	18.000	1935.547	0.580
2470.000	18.000	1988.281	0.605
2480.000	18.000	1988.281	0.605
2490.000	18.000	1988.281	0.605
2500.000	18.000	2001.953	0.587
2510.000	18.000	2001.953	0.587
2520.000	18.000	2001.953	0.587
2530.000	18.000	2052.734	0.598
2540.000	18.000	2052.734	0.598
2550.000	18.000	2052.734	0.598
2560.000	18.000	2126.953	0.568
2570.000	18.000	2126.953	0.568
2580.000	18.000	2126.953	0.568
2590.000	18.000	2107.422	0.592
2600.000	18.000	2107.422	0.592
2610.000	18.000	2107.422	0.592
2620.000	18.000	2138.672	0.570
2630.000	18.000	2138.672	0.570
2640.000	18.000	2138.672	0.570
2650.000	18.000	2230.469	0.565
2660.000	18.000	2230.469	0.565
2670.000	18.000	2230.469	0.565
2680.000	18.000	2244.141	0.559
2690.000	18.000	2244.141	0.559
2700.000	18.000	2244.141	0.559
2710.000	18.000	2248.047	0.569
2720.000	18.000	2248.047	0.569
2730.000	18.000	2248.047	0.569
2740.000	18.000	2294.922	0.585
2750.000	18.000	2294.922	0.585
2760.000	18.000	2294.922	0.585
2770.000	18.000	2304.687	0.576
2780.000	18.000	2304.687	0.576
2790.000	18.000	2304.687	0.576
2800.000	18.000	2392.578	0.588
2810.000	18.000	2392.578	0.588
2820.000	18.000	2392.578	0.588
2830.000	18.000	2414.062	0.593
2840.000	18.000	2414.062	0.593
2850.000	18.000	2414.062	0.593
2860.000	18.000	2445.312	0.586
2870.000	18.000	2445.312	0.586
2880.000	18.000	2445.312	0.586
2890.000	18.000	2492.187	0.588
2900.000	18.000	2492.187	0.588
2910.000	18.000	2492.187	0.588
2920.000	18.000	2533.203	0.601
2930.000	18.000	2533.203	0.601
2940.000	18.000	2533.203	0.601
2950.000	18.000	2537.109	0.565
2960.000	18.000	2537.109	0.565
2970.000	18.000	2537.109	0.565
2980.000	18.000	2605.469	0.577
2990.000	18.000	2605.469	0.577
3000.000	18.000	2605.469	0.577
3010.000	18.000	2607.422	0.595
3020.000	18.000	2607.422	0.595
3030.000	18.000	2607.422	0.595
3040.000	18.000	2667.969	0.584
3050.000	18.000	2667.969	0.584
3060.000	18.000	2667.969	0.584
3070.000	18.000	2714.844	0.570
3080.000	18.000	2714.844	0.570
3090.000	18.000	2714.844	0.570
3100.000	18.000	2765.625	0.592
3110.000	18.000	2765.625	0.592
3120.000	18.000	2765.625	0.592
3130.000	18.000	2759.766	0.551
3140.000	18.000	2759.766	0.551
3150.000	18.000	2759.766	0.551
3160.000	18.000	2812.500	0.576
3170.000	18.000	2812.500	0.576
3180.000	18.000	2812.500	0.576
3190.000	18.000	2875.000	0.586
3200.000	18.000	2875.000	0.586
3210.000	18.000	2875.000	0.586
3220.000	18.000	2894.531	0.573
3230.000	18.000	2894.531	0.573
3240.000	18.000	2894.531	0.573
3250.000	18.000	2919.922	0.576
3260.000	18.000	2919.922	0.576
3270.000	18.000	2919.922	0.576
3280.000	18.000	2970.703	0.574
3290.000	18.000	2970.703	0.574
3300.000	18.000	2970.703	0.574
3310.000	18.000	2978.516	0.563
3320.000	18.000	2978.516	0.563
3330.000	18.000	2978.516	0.563
3340.000	18.000	3035.156	0.564
3350.000	18.000	3035.156	0.564
3360.000	18.000	3035.156	0.564
3370.000	18.000	3083.984	0.580
3380.000	18.000	3083.984	0.580
3390.000	18.000	3083.984	0.580
3400.000	18.000	3103.516	0.591
3410.000	18.000	3103.516	0.591
3420.000	18.000	3103.516	0.591
3430.000	18.000	3128.906	0.562
3440.000	18.000	3128.906	0.562
3450.000	18.000	3128.906	0.562
3460.000	18.000	3169.922	0.585
3470.000	18.000	3169.922	0.585
3480.000	18.000	3169.922	0.585
3490.000	18.000	3181.641	0.576
3500.000	18.000	3181.641	0.576
3510.000	18.000	3181.641	0.576
3520.000	18.000	3228.516	0.569
3530.000	18.000	3228.516	0.569
3540.000	18.000	3228.516	0.569
3550.000	18.000	3259.766	0.569
3560.000	18.000	3259.766	0.569
3570.000	18.000	3259.766	0.569
3580.000	18.000	3304.687	0.583
3590.000	18.000	3304.687	0.583
3600.000	18.000	3304.687	0.583
3610.000	18.000	3371.094	0.592
3620.000	18.000	3371.094	0.592
3630.000	18.000	3371.094	0.592
3640.000	18.000	3400.391	0.573
3650.000	18.000	3400.391	0.573
3660.000	18.000	3400.391	0.573
3670.000	18.000	3421.875	0.597
3680.000	18.000	3421.875	0.597
3690.000	18.000	3421.875	0.597
3700.000	18.000	3476.562	0.579
3710.000	18.000	3476.562	0.579
3720.000	18.000	3476.562	0.579
3730.000	18.000	3494.141	0.583
3740.000	18.000	3494.141	0.583
3750.000	18.000	3494.141	0.583
3760.000	18.000	3503.906	0.557
3770.000	18.000	3503.906	0.557
3780.000	18.000	3503.906	0.557
3790.000	18.000	3568.359	0.594
3800.000	18.000	3568.359	0.594
3810.000	18.000	3568.359	0.594
3820.000	18.000	3613.281	0.570
3830.000	18.000	3613.281	0.570
3840.000	18.000	3613.281	0.570
3850.000	18.000	3671.875	0.593
3860.000	18.000	3671.875	0.593
3870.000	18.000	3671.875	0.593
3880.000	18.000	3652.344	0.561
3890.000	18.000	3652.344	0.561
3900.000	18.000	3652.344	0.561
3910.000	18.000	3693.359	0.582
3920.000	18.000	3693.359	0.582
3930.000	18.000	3693.359	0.582
3940.000	18.000	3712.891	0.572
3950.000	18.000	3712.891	0.572
3960.000	18.000	3712.891	0.572
3970.000	18.000	3769.531	0.556
3980.000	18.000	3769.531	0.556
3990.000	18.000	3769.531	0.556
4000.000	18.000	3798.828	0.569
4010.000	18.000	3798.828	0.569
4020.000	18.000	3798.828	0.569
4030.000	18.000	3839.844	0.561
4040.000	18.000	3839.844	0.561
4050.000	18.000	3839.844	0.561
4060.000	18.000	3882.812	0.562
4070.000	18.000	3882.812	0.562
4080.000	18.000	3882.812	0.562
4090.000	18.000	3882.812	0.559
4100.000	18.000	3882.812	0.559
4110.000	18.000	3882.812	0.559
4120.000	18.000	3929.687	0.565
4130.000	18.000	3929.687	0.565
4140.000	18.000	3929.687	0.565
4150.000	18.000	3964.844	0.565
4160.000	18.000	3964.844	0.565
4170.000	18.000	3964.844	0.565
4180.000	18.000	3992.187	0.558
4190.000	18.000	3992.187	0.558
4200.000	18.000	3992.187	0.558
4210.000	18.000	3998.047	0.578
4220.000	18.000	3998.047	0.578
4230.000	18.000	3998.047	0.578
4240.000	18.000	3998.047	0.588
4250.000	18.000	3998.047	0.588
4260.000	18.000	3998.047	0.588
4270.000	18.000	3998.047	0.589
4280.000	18.000	3998.047	0.589
4290.000	18.000	3998.047	0.589
4300.000	18.000	3998.047	0.562
4310.000	18.000	3998.047	0.562
4320.000	18.000	3998.047	0.562
4330.000	18.000	3998.047	0.521
4340.000	18.000	3998.047	0.521
4350.000	18.000	3998.047	0.521
4360.000	18.000	3998.047	0.557
4370.000	18.000	3998.047	0.557
4380.000	18.000	3998.047	0.557
4390.000	18.000	3998.047	0.572
4400.000	18.000	3998.047	0.572
4410.000	18.000	3998.047	0.572
4420.000	18.000	3998.047	0.498
4430.000	18.000	3998.047	0.498
4440.000	18.000	3998.047	0.498
4450.000	18.000	3998.047	0.280
4460.000	18.000	3998.047	0.280
4470.000	18.000	3998.047	0.280
4480.000	18.000	3998.047	0.127
4490.000	18.000	3998.047	0.127
4500.000	18.000	3998.047	0.127
4510.000	18.000	3998.047	-0.036
4520.000	18.000	3998.047	-0.036
4530.000	18.000	3998.047	-0.036
4540.000	18.000	3998.047	-0.155
4550.000	18.000	3998.047	-0.155
4560.000	18.000	3998.047	-0.155
4570.000	18.000	3998.047	-0.205
4580.000	18.000	3998.047	-0.205
4590.000	18.000	3998.047	-0.205
4600.000	18.000	3998.047	-0.188
4610.000	18.000	3998.047	-0.188
4620.000	18.000	3998.047	-0.188
4630.000	18.000	3998.047	-0.118
4640.000	18.000	3998.047	-0.118
4650.000	18.000	3998.047	-0.118
4660.000	18.000	3998.047	-0.011
4670.000	18.000	3998.047	-0.011
4680.000	18.000	3998.047	-0.011
4690.000	18.000	3998.047	0.106
4700.000	18.000	3998.047	0.106
4710.000	18.000	3998.047	0.106
4720.000	18.000	3998.047	0.220
4730.000	18.000	3998.047	0.220
4740.000	18.000	3998.047	0.220
4750.000	18.000	3998.047	0.350
4760.000	18.000	3998.047	0.350
4770.000	18.000	3998.047	0.350
4780.000	18.000	3998.047	0.466
4790.000	18.000	3998.047	0.466
4800.000	18.000	3998.047	0.466
4810.000	18.000	3998.047	0.517
4820.000	18.000	3998.047	0.517
4830.000	18.000	3998.047	0.517
4840.000	18.000	3998.047	0.480
4850.000	18.000	3998.047	0.480
4860.000	18.000	3998.047	0.480
4870.000	18.000	3998.047	0.422
4880.000	18.000	3998.047	0.422
4890.000	18.000	3998.047	0.422
4900.000	18.000	3998.047	0.330
4910.000	18.000	3998.047	0.330
4920.000	18.000	3998.047	0.330
4930.000	18.000	3998.047	0.236
4940.000	18.000	3998.047	0.236
4950.000	18.000	3998.047	0.236
4960.000	18.000	3998.047	0.167
4970.000	18.000	3998.047	0.167
4980.000	18.000	3998.047	0.167
4990.000	18.000	3998.047	0.097
5000.000	18.000	3998.047	0.097
5010.000	18.000	3998.047	0.097
5020.000	18.000	3998.047	0.103
5030.000	18.000	3998.047	0.103
5040.000	18.000	3998.047	0.103
5050.000	18.000	3998.047	0.076
5060.000	18.000	3998.047	0.076
5070.000	18.000	3998.047	0.076
5080.000	18.000	3998.047	0.097
5090.000	18.000	3998.047	0.097
5100.000	18.000	3998.047	0.097
5110.000	18.000	3998.047	0.080
5120.000	18.000	3998.047	0.080
5130.000	18.000	3998.047	0.080
5140.000	18.000	3998.047	0.142
5150.000	18.000	3998.047	0.142
5160.000	18.000	3998.047	0.142
5170.000	18.000	3998.047	0.156
5180.000	18.000	3998.047	0.156
5190.000	18.000	3998.047	0.156
5200.000	18.000	3998.047	0.242
5210.000	18.000	3998.047	0.242
5220.000	18.000	3998.047	0.242
5230.000	18.000	3998.047	0.290
5240.000	18.000	3998.047	0.290
5250.000	18.000	3998.047	0.290
5260.000	18.000	3998.047	0.305
5270.000	18.000	3998.047	0.305
5280.000	18.000	3998.047	0.305
5290.000	18.000	3998.047	0.315
5300.000	18.000	3998.047	0.315
5310.000	18.000	3998.047	0.315
5320.000	18.000	3998.047	0.310
5330.000	18.000	3998.047	0.310
5340.000	18.000	3998.047	0.310
5350.000	18.000	3998.047	0.265
5360.000	18.000	3998.047	0.265
5370.000	18.000	3998.047	0.265
5380.000	18.000	3998.047	0.261
5390.000	18.000	3998.047	0.261
5400.000	18.000	3998.047	0.261
5410.000	18.000	3998.047	0.233
5420.000	18.000	3998.047	0.233
5430.000	18.000	3998.047	0.233
5440.000	18.000	3998.047	0.182
5450.000	18.000	3998.047	0.182
5460.000	18.000	3998.047	0.182
5470.000	18.000	3998.047	0.197
5480.000	18.000	3998.047	0.197
5490.000	18.000	3998.047	0.197
5500.000	18.000	3998.047	0.153
5510.000	18.000	3998.047	0.153
5520.000	18.000	3998.047	0.153
5530.000	18.000	3998.047	0.157
5540.000	18.000	3998.047	0.157
5550.000	18.000	3998.047	0.157
5560.000	18.000	3998.047	0.175
5570.000	18.000	3998.047	0.175
5580.000	18.000	3998.047	0.175
5590.000	18.000	3998.047	0.182
5600.000	18.000	3998.047	0.182
5610.000	18.000	3998.047	0.182
5620.000	18.000	3998.047	0.187
5630.000	18.000	3998.047	0.187
5640.000	18.000	3998.047	0.187
5650.000	18.000	3998.047	0.225
5660.000	18.000	3998.047	0.225
5670.000	18.000	3998.047	0.225
5680.000	18.000	3998.047	0.223
5690.000	18.000	3998.047	0.223
5700.000	18.000	3998.047	0.223
5710.000	18.000	3998.047	0.256
5720.000	18.000	3998.047	0.256
5730.000	18.000	3998.047	0.256
5740.000	18.000	3998.047	0.250
5750.000	18.000	3998.047	0.250
5760.000	18.000	3998.047	0.250
5770.000	18.000	3998.047	0.259
5780.000	18.000	3998.047	0.259
5790.000	18.000	3998.047	0.259
5800.000	18.000	3998.047	0.254
5810.000	18.000	3998.047	0.254
5820.000	18.000	3998.047	0.254
5830.000	18.000	3998.047	0.228
5840.000	18.000	3998.047	0.228
5850.000	18.000	3998.047	0.228
5860.000	18.000	3998.047	0.199
5870.000	18.000	3998.047	0.199
5880.000	18.000	3998.047	0.199
5890.000	18.000	3998.047	0.190
5900.000	18.000	3998.047	0.190
5910.000	18.000	3998.047	0.190
5920.000	18.000	3998.047	0.206
5930.000	18.000	3998.047	0.206
5940.000	18.000	3998.047	0.206
5950.000	18.000	3998.047	0.182
5960.000	18.000	3998.047	0.182
5970.000	18.000	3998.047	0.182
5980.000	18.000	3998.047	0.179
5990.000	18.000	3998.047	0.179
6000.000	18.000	3998.047	0.179
6010.000	18.000	3998.047	0.201
6020.000	18.000	3998.047	0.201
6030.000	18.000	3998.047	0.201
6040.000	18.000	3998.047	0.209
6050.000	18.000	3998.047	0.209
6060.000	18.000	3998.047	0.209
6070.000	18.000	3998.047	0.206
6080.000	18.000	3998.047	0.206
6090.000	18.000	3998.047	0.206
6100.000	18.000	3998.047	0.110
6110.000	18.000	3998.047	0.110
6120.000	18.000	3998.047	0.110
6130.000	18.000	3998.047	0.059
6140.000	18.000	3998.047	0.059
6150.000	18.000	3998.047	0.059
6160.000	18.000	3998.047	0.035
6170.000	18.000	3998.047	0.035
6180.000	18.000	3998.047	0.035
6190.000	18.000	3998.047	0.036
6200.000	18.000	3998.047	0.036
6210.000	18.000	3998.047	0.036
6220.000	18.000	3998.047	0.034
6230.000	18.000	3998.047	0.034
6240.000	18.000	3998.047	0.034
6250.000	18.000	3998.047	0.011
6260.000	18.000	3998.047	0.011
6270.000	18.000	3998.047	0.011
6280.000	18.000	3998.047	0.025
6290.000	18.000	3998.047	0.025
6300.000	18.000	3998.047	0.025
6310.000	18.000	3998.047	0.012
6320.000	18.000	3998.047	0.012
6330.000	18.000	3998.047	0.012
6340.000	18.000	3998.047	0.026
6350.000	18.000	3998.047	0.026
6360.000	18.000	3998.047	0.026
6370.000	18.000	3998.047	0.010
6380.000	18.000	3998.047	0.010
6390.000	18.000	3998.047	0.010
6400.000	18.000	3933.594	0.019
6410.000	18.000	3933.594	0.019
6420.000	18.000	3933.594	0.019
6430.000	18.000	3988.281	0.036
6440.000	18.000	3988.281	0.036
6450.000	18.000	3988.281	0.036
6460.000	18.000	3917.969	0.020
6470.000	18.000	3917.969	0.020
6480.000	18.000	3917.969	0.020
6490.000	18.000	3917.969	0.036
6500.000	18.000	3917.969	0.036
6510.000	18.000	3917.969	0.036
6520.000	18.000	3886.719	0.020
6530.000	18.000	3886.719	0.020
6540.000	18.000	3886.719	0.020
6550.000	18.000	3867.187	0.036
6560.000	18.000	3867.187	0.036
6570.000	18.000	3867.187	0.036
6580.000	18.000	3867.187	0.010
6590.000	18.000	3867.187	0.010
6600.000	18.000	3867.187	0.010
6610.000	18.000	3847.656	0.017
6620.000	18.000	3847.656	0.017
6630.000	18.000	3847.656	0.017
6640.000	18.000	3835.937	0.032
6650.000	18.000	3835.937	0.032
6660.000	18.000	3835.937	0.032
6670.000	18.000	3802.734	0.021
6680.000	18.000	3802.734	0.021
6690.000	18.000	3802.734	0.021
6700.000	18.000	3781.250	0.019
6710.000	18.000	3781.250	0.019
6720.000	18.000	3781.250	0.019
6730.000	18.000	3800.781	0.043
6740.000	18.000	3800.781	0.043
6750.000	18.000	3800.781	0.043
6760.000	18.000	3773.437	0.008
6770.000	18.000	3773.437	0.008
6780.000	18.000	3773.437	0.008
6790.000	18.000	3742.187	0.004
6800.000	18.000	3742.187	0.004
6810.000	18.000	3742.187	0.004
6820.000	18.000	3730.469	0.036
6830.000	18.000	3730.469	0.036
6840.000	18.000	3730.469	0.036
6850.000	18.000	3734.375	0.029
6860.000	18.000	3734.375	0.029
6870.000	18.000	3734.375	0.029
6880.000	18.000	3687.500	0.004
6890.000	18.000	3687.500	0.004
6900.000	18.000	3687.500	0.004
6910.000	18.000	3658.203	0.031
6920.000	18.000	3658.203	0.031
6930.000	18.000	3658.203	0.031
6940.000	18.000	3673.828	0.015
6950.000	18.000	3673.828	0.015
6960.000	18.000	3673.828	0.015
6970.000	18.000	3619.141	0.029
6980.000	18.000	3619.141	0.029
6990.000	18.000	3619.141	0.029
7000.000	18.000	3636.719	0.035
7010.000	18.000	3636.719	0.035
7020.000	18.000	3636.719	0.035
