%Time [ms]	Commanded Torque [mNm]	Angular Velocity [RPM]	Actual Current [Amp]	%2/17/202610:10 AM
0.000	0.000	0.000	0.000
5477750.000	10.000	0.000	0.003
20.000	10.000	0.000	0.006
30.000	10.000	0.000	0.004
40.000	10.000	0.000	0.006
50.000	10.000	0.000	0.004
60.000	10.000	0.000	0.006
70.000	10.000	0.000	0.007
80.000	10.000	0.000	0.004
90.000	10.000	0.000	0.004
100.000	10.000	0.000	0.004
110.000	10.000	0.000	0.004
120.000	10.000	0.000	0.007
130.000	10.000	0.000	0.003
140.000	10.000	0.000	0.004
150.000	10.000	0.000	0.008
160.000	10.000	0.000	0.004
170.000	10.000	0.000	0.006
180.000	10.000	0.000	0.004
190.000	10.000	0.000	0.004
200.000	10.000	0.000	0.009
210.000	10.000	0.000	0.006
220.000	10.000	0.000	0.003
230.000	10.000	0.000	0.006
240.000	10.000	0.000	0.007
250.000	10.000	0.000	0.006
260.000	10.000	0.000	0.006
270.000	10.000	0.000	0.006
280.000	10.000	0.000	0.007
290.000	10.000	0.000	0.007
300.000	10.000	0.000	0.006
310.000	10.000	0.000	0.006
320.000	10.000	0.000	0.004
330.000	10.000	0.000	0.006
340.000	10.000	0.000	0.006
350.000	10.000	0.000	0.001
360.000	10.000	0.000	0.004
370.000	10.000	0.000	0.003
380.000	10.000	0.000	0.002
390.000	10.000	0.000	0.007
400.000	10.000	0.000	-0.003
410.000	10.000	0.000	0.004
420.000	10.000	0.000	0.008
430.000	10.000	0.000	0.007
440.000	10.000	0.000	0.004
450.000	10.000	0.000	0.003
460.000	10.000	0.000	0.007
470.000	10.000	0.000	0.004
480.000	10.000	0.000	0.004
490.000	10.000	0.000	0.004
500.000	10.000	0.000	0.004
510.000	10.000	0.000	0.006
520.000	10.000	0.000	0.004
530.000	10.000	0.000	0.002
540.000	10.000	0.000	0.002
550.000	10.000	0.000	-0.002
560.000	10.000	0.000	0.001
570.000	10.000	0.000	0.006
580.000	10.000	0.000	0.007
590.000	10.000	0.000	0.004
600.000	10.000	0.000	0.008
610.000	10.000	0.000	0.002
620.000	10.000	0.000	0.003
630.000	10.000	0.000	0.004
640.000	10.000	0.000	0.007
650.000	10.000	0.000	0.012
660.000	10.000	0.000	0.006
670.000	10.000	0.000	0.007
680.000	10.000	0.000	0.001
690.000	10.000	0.000	0.006
700.000	10.000	0.000	0.002
710.000	10.000	0.000	0.004
720.000	10.000	0.000	0.004
730.000	10.000	0.000	0.006
740.000	10.000	0.000	0.002
750.000	10.000	0.000	0.007
760.000	10.000	0.000	0.004
770.000	10.000	0.000	0.007
780.000	10.000	0.000	0.007
790.000	10.000	0.000	0.004
800.000	10.000	0.000	0.006
810.000	10.000	0.000	0.006
820.000	10.000	0.000	0.004
830.000	10.000	0.000	0.008
840.000	10.000	0.000	0.007
850.000	10.000	0.000	0.003
860.000	10.000	0.000	0.004
870.000	10.000	0.000	0.007
880.000	10.000	0.000	0.004
890.000	10.000	0.000	0.003
900.000	10.000	0.000	0.002
910.000	10.000	0.000	0.007
920.000	10.000	0.000	0.003
930.000	10.000	0.000	0.006
940.000	10.000	0.000	0.002
950.000	10.000	0.000	0.004
960.000	10.000	0.000	0.006
970.000	10.000	0.000	0.006
980.000	10.000	0.000	0.003
990.000	10.000	0.000	0.003
1000.000	10.000	0.000	0.002
1010.000	10.000	0.000	0.006
1020.000	10.000	0.000	0.004
1030.000	10.000	0.000	0.004
1040.000	10.000	0.000	0.042
1050.000	10.000	0.000	0.145
1060.000	10.000	-0.073	0.208
1070.000	10.000	-0.073	0.262
1080.000	10.000	-0.146	0.299
1090.000	10.000	-0.220	0.324
1100.000	10.000	-0.301	0.349
1110.000	10.000	-0.434	0.357
1120.000	10.000	-0.597	0.366
1130.000	10.000	-0.817	0.375
1140.000	10.000	-1.083	0.379
1150.000	10.000	-1.303	0.383
1160.000	10.000	-1.474	0.389
1170.000	10.000	-1.620	0.390
1180.000	10.000	-1.767	0.393
1190.000	10.000	-1.840	0.390
1200.000	10.000	-1.958	0.397
1210.000	10.000	-1.972	0.394
1220.000	10.000	-2.053	0.394
1230.000	10.000	-2.100	0.395
1240.000	10.000	-2.322	0.397
1250.000	10.000	-2.468	0.401
1260.000	10.000	-2.557	0.399
1270.000	10.000	-2.777	0.397
1280.000	10.000	-2.964	0.394
1290.000	10.000	-3.217	0.394
1300.000	10.000	-3.668	0.400
1310.000	10.000	-4.034	0.396
1320.000	10.000	-4.123	0.396
1330.000	10.000	-4.223	0.396
1340.000	10.000	-4.223	0.394
1350.000	10.000	-4.456	0.400
1360.000	10.000	-4.774	0.395
1370.000	10.000	-4.921	0.399
1380.000	10.000	-5.046	0.396
1390.000	10.000	-5.452	0.394
1400.000	10.000	-5.387	0.395
1410.000	10.000	-5.543	0.397
1420.000	10.000	-5.909	0.397
1430.000	10.000	-5.909	0.397
1440.000	10.000	-6.020	0.399
1450.000	10.000	-6.072	0.393
1460.000	10.000	-6.519	0.397
1470.000	10.000	-6.573	0.402
1480.000	10.000	-6.353	0.394
1490.000	10.000	-6.719	0.401
1500.000	10.000	-6.719	0.401
1510.000	10.000	-6.963	0.396
1520.000	10.000	-7.549	0.397
1530.000	10.000	-7.549	0.397
1540.000	10.000	-7.536	0.400
1550.000	10.000	-7.764	0.399
1560.000	10.000	-7.764	0.399
1570.000	10.000	-7.764	0.399
1580.000	10.000	-8.496	0.394
1590.000	10.000	-8.496	0.394
1600.000	10.000	-8.276	0.399
1610.000	10.000	-8.716	0.396
1620.000	10.000	-8.716	0.396
1630.000	10.000	-8.936	0.396
1640.000	10.000	-9.229	0.405
1650.000	10.000	-9.229	0.405
1660.000	10.000	-9.375	0.396
1670.000	10.000	-9.741	0.395
1680.000	10.000	-9.741	0.395
1690.000	10.000	-9.741	0.397
1700.000	10.000	-10.107	0.397
1710.000	10.000	-10.107	0.397
1720.000	10.000	-10.620	0.396
1730.000	10.000	-10.474	0.397
1740.000	10.000	-10.474	0.397
1750.000	10.000	-10.913	0.395
1760.000	10.000	-11.206	0.396
1770.000	10.000	-11.206	0.396
1780.000	10.000	-10.986	0.397
1790.000	10.000	-11.865	0.394
1800.000	10.000	-11.865	0.394
1810.000	10.000	-11.865	0.397
1820.000	10.000	-11.938	0.397
1830.000	10.000	-11.938	0.397
1840.000	10.000	-12.524	0.399
1850.000	10.000	-12.598	0.395
1860.000	10.000	-12.598	0.395
1870.000	10.000	-13.037	0.396
1880.000	10.000	-13.184	0.397
1890.000	10.000	-13.184	0.397
1900.000	10.000	-13.037	0.400
1910.000	10.000	-13.477	0.399
1920.000	10.000	-13.477	0.399
1930.000	10.000	-13.843	0.397
1940.000	10.000	-14.062	0.394
1950.000	10.000	-14.062	0.394
1960.000	10.000	-14.062	0.397
1970.000	10.000	-14.209	0.394
1980.000	10.000	-14.209	0.394
1990.000	10.000	-14.502	0.400
2000.000	10.000	-14.575	0.396
2010.000	10.000	-14.575	0.396
2020.000	10.000	-15.088	0.397
2030.000	10.000	-15.015	0.396
2040.000	10.000	-15.015	0.396
2050.000	10.000	-15.601	0.394
2060.000	10.000	-15.674	0.399
2070.000	10.000	-15.674	0.399
2080.000	10.000	-16.040	0.399
2090.000	10.000	-16.187	0.404
2100.000	10.000	-16.187	0.404
2110.000	10.000	-16.553	0.397
2120.000	10.000	-16.699	0.396
2130.000	10.000	-16.699	0.396
2140.000	10.000	-17.065	0.394
2150.000	10.000	-16.992	0.396
2160.000	10.000	-16.992	0.396
2170.000	10.000	-17.578	0.397
2180.000	10.000	-17.285	0.395
2190.000	10.000	-17.179	0.396
2200.000	10.000	-17.748	0.396
2210.000	10.000	-17.748	0.396
2220.000	10.000	-17.842	0.396
2230.000	10.000	-17.695	0.394
2240.000	10.000	-17.915	0.400
2250.000	10.000	-18.281	0.399
2260.000	10.000	-18.411	0.400
2270.000	10.000	-18.558	0.395
2280.000	10.000	-18.831	0.402
2290.000	10.000	-18.937	0.399
2300.000	10.000	-19.100	0.396
2310.000	10.000	-19.206	0.396
2320.000	10.000	-19.650	0.397
2330.000	10.000	-20.090	0.395
2340.000	10.000	-20.110	0.394
2350.000	10.000	-19.890	0.385
2360.000	10.000	-20.216	0.396
2370.000	10.000	-19.956	0.396
2380.000	10.000	-20.570	0.399
2390.000	10.000	-20.863	0.397
2400.000	10.000	-20.663	0.400
2410.000	10.000	-20.996	0.397
2420.000	10.000	-20.679	0.401
2430.000	10.000	-20.972	0.397
2440.000	10.000	-21.025	0.395
2450.000	10.000	-21.871	0.396
2460.000	10.000	-21.309	0.397
2470.000	10.000	-21.642	0.395
2480.000	10.000	-21.723	0.395
2490.000	10.000	-21.723	0.399
2500.000	10.000	-21.850	0.402
2510.000	10.000	-22.094	0.397
2520.000	10.000	-22.101	0.394
2530.000	10.000	-22.174	0.397
2540.000	10.000	-22.646	0.399
2550.000	10.000	-22.172	0.401
2560.000	10.000	-22.645	0.396
2570.000	10.000	-23.052	0.395
2580.000	10.000	-22.889	0.395
2590.000	10.000	-22.963	0.397
2600.000	10.000	-23.443	0.395
2610.000	10.000	-23.199	0.397
2620.000	10.000	-23.485	0.395
2630.000	10.000	-23.737	0.397
2640.000	10.000	-23.412	0.399
2650.000	10.000	-24.048	0.396
2660.000	10.000	-24.194	0.396
2670.000	10.000	-23.987	0.395
2680.000	10.000	-24.060	0.396
2690.000	10.000	-24.500	0.401
2700.000	10.000	-24.500	0.401
2710.000	10.000	-24.939	0.396
2720.000	10.000	-25.127	0.396
2730.000	10.000	-25.127	0.396
2740.000	10.000	-25.273	0.397
2750.000	10.000	-25.070	0.396
2760.000	10.000	-25.070	0.396
2770.000	10.000	-25.309	0.399
2780.000	10.000	-25.309	0.396
2790.000	10.000	-25.309	0.396
2800.000	10.000	-25.488	0.396
2810.000	10.000	-25.928	0.399
2820.000	10.000	-25.928	0.399
2830.000	10.000	-25.562	0.399
2840.000	10.000	-26.074	0.396
2850.000	10.000	-25.928	0.401
2860.000	10.000	-26.147	0.396
2870.000	10.000	-26.367	0.397
2880.000	10.000	-26.367	0.397
2890.000	10.000	-26.807	0.402
2900.000	10.000	-26.953	0.399
2910.000	10.000	-26.953	0.399
2920.000	10.000	-26.660	0.397
2930.000	10.000	-26.807	0.394
2940.000	10.000	-26.807	0.394
2950.000	10.000	-27.173	0.399
2960.000	10.000	-27.393	0.396
2970.000	10.000	-27.393	0.396
2980.000	10.000	-27.612	0.396
2990.000	10.000	-27.539	0.400
3000.000	10.000	-27.539	0.400
3010.000	10.000	-27.832	0.397
3020.000	10.000	-27.832	0.396
3030.000	10.000	-27.979	0.397
3040.000	10.000	-28.052	0.400
3050.000	10.000	-28.271	0.397
3060.000	10.000	-28.271	0.397
3070.000	10.000	-28.418	0.397
3080.000	10.000	-28.711	0.397
3090.000	10.000	-28.711	0.397
3100.000	10.000	-28.784	0.395
3110.000	10.000	-28.784	0.397
3120.000	10.000	-28.784	0.397
3130.000	10.000	-28.931	0.397
3140.000	10.000	-29.077	0.394
3150.000	10.000	-29.077	0.394
3160.000	10.000	-29.004	0.397
3170.000	10.000	-29.590	0.396
3180.000	10.000	-29.590	0.396
3190.000	10.000	-29.370	0.396
3200.000	10.000	-29.810	0.396
3210.000	10.000	-29.810	0.396
3220.000	10.000	-30.029	0.397
3230.000	10.000	-30.176	0.396
3240.000	10.000	-30.029	0.396
3250.000	10.000	-30.322	0.396
3260.000	10.000	-30.396	0.395
3270.000	10.000	-30.169	0.395
3280.000	10.000	-30.316	0.397
3290.000	10.000	-30.714	0.395
3300.000	10.000	-30.768	0.393
3310.000	10.000	-30.694	0.399
3320.000	10.000	-30.768	0.397
3330.000	10.000	-31.061	0.395
3340.000	10.000	-30.987	0.397
3350.000	10.000	-31.280	0.401
3360.000	10.000	-31.573	0.397
3370.000	10.000	-31.653	0.396
3380.000	10.000	-32.019	0.399
3390.000	10.000	-31.914	0.397
3400.000	10.000	-31.860	0.408
3410.000	10.000	-32.373	0.396
3420.000	10.000	-32.446	0.400
3430.000	10.000	-32.300	0.397
3440.000	10.000	-32.739	0.397
3450.000	10.000	-32.666	0.400
3460.000	10.000	-32.812	0.396
3470.000	10.000	-33.032	0.396
3480.000	10.000	-33.325	0.395
3490.000	10.000	-33.252	0.395
3500.000	10.000	-34.082	0.394
3510.000	10.000	-33.623	0.397
3520.000	10.000	-34.135	0.397
3530.000	10.000	-34.135	0.396
3540.000	10.000	-34.209	0.397
3550.000	10.000	-34.428	0.397
3560.000	10.000	-34.575	0.396
3570.000	10.000	-35.104	0.396
3580.000	10.000	-34.884	0.396
3590.000	10.000	-35.470	0.397
3600.000	10.000	-35.093	0.399
3610.000	10.000	-35.186	0.397
3620.000	10.000	-35.511	0.397
3630.000	10.000	-35.551	0.396
3640.000	10.000	-36.276	0.400
3650.000	10.000	-36.276	0.397
3660.000	10.000	-36.222	0.395
3670.000	10.000	-35.986	0.397
3680.000	10.000	-36.279	0.400
3690.000	10.000	-36.353	0.397
3700.000	10.000	-36.730	0.397
3710.000	10.000	-37.316	0.396
3720.000	10.000	-36.657	0.396
3730.000	10.000	-37.708	0.394
3740.000	10.000	-37.496	0.397
3750.000	10.000	-37.496	0.397
3760.000	10.000	-37.843	0.395
3770.000	10.000	-38.209	0.397
3780.000	10.000	-38.209	0.397
3790.000	10.000	-38.502	0.399
3800.000	10.000	-38.331	0.389
3810.000	10.000	-38.331	0.389
3820.000	10.000	-39.030	0.396
3830.000	10.000	-38.599	0.413
3840.000	10.000	-38.599	0.413
3850.000	10.000	-39.185	0.396
3860.000	10.000	-39.331	0.397
3870.000	10.000	-39.404	0.397
3880.000	10.000	-39.111	0.397
3890.000	10.000	-39.185	0.399
3900.000	10.000	-39.185	0.394
3910.000	10.000	-40.153	0.397
3920.000	10.000	-40.373	0.395
3930.000	10.000	-40.426	0.396
3940.000	10.000	-40.499	0.399
3950.000	10.000	-40.646	0.396
3960.000	10.000	-40.552	0.396
3970.000	10.000	-41.309	0.396
3980.000	10.000	-41.749	0.399
3990.000	10.000	-41.749	0.399
4000.000	10.000	-41.656	0.395
4010.000	10.000	-41.493	0.399
4020.000	10.000	-41.713	0.396
4030.000	10.000	-42.172	0.397
4040.000	10.000	-42.245	0.393
4050.000	10.000	-42.245	0.402
4060.000	10.000	-42.412	0.396
4070.000	10.000	-42.168	0.397
4080.000	10.000	-42.534	0.399
4090.000	10.000	-42.827	0.402
4100.000	10.000	-43.286	0.397
4110.000	10.000	-43.433	0.393
4120.000	10.000	-43.213	0.396
4130.000	10.000	-43.693	0.396
4140.000	10.000	-43.720	0.394
4150.000	10.000	-43.720	0.397
4160.000	10.000	-44.232	0.400
4170.000	10.000	-44.379	0.400
4180.000	10.000	-44.379	0.396
4190.000	10.000	-44.452	0.402
4200.000	10.000	-44.818	0.396
4210.000	10.000	-44.525	0.395
4220.000	10.000	-45.323	0.396
4230.000	10.000	-44.716	0.397
4240.000	10.000	-45.056	0.395
4250.000	10.000	-45.129	0.396
4260.000	10.000	-45.349	0.397
4270.000	10.000	-45.276	0.397
4280.000	10.000	-45.422	0.401
4290.000	10.000	-45.642	0.400
4300.000	10.000	-45.568	0.397
4310.000	10.000	-46.447	0.393
4320.000	10.000	-45.663	0.396
4330.000	10.000	-46.009	0.396
4340.000	10.000	-46.229	0.395
4350.000	10.000	-46.595	0.400
4360.000	10.000	-46.449	0.394
4370.000	10.000	-46.669	0.396
4380.000	10.000	-46.888	0.396
4390.000	10.000	-46.815	0.397
4400.000	10.000	-46.888	0.394
4410.000	10.000	-46.669	0.397
4420.000	10.000	-47.021	0.396
4430.000	10.000	-47.314	0.400
4440.000	10.000	-47.534	0.396
4450.000	10.000	-47.314	0.396
4460.000	10.000	-47.461	0.390
4470.000	10.000	-47.754	0.394
4480.000	10.000	-47.681	0.394
4490.000	10.000	-47.900	0.396
4500.000	10.000	-48.340	0.400
4510.000	10.000	-48.120	0.395
4520.000	10.000	-48.877	0.395
4530.000	10.000	-48.571	0.399
4540.000	10.000	-48.497	0.396
4550.000	10.000	-49.173	0.395
4560.000	10.000	-48.940	0.396
4570.000	10.000	-48.647	0.397
4580.000	10.000	-48.793	0.397
4590.000	10.000	-49.013	0.394
4600.000	10.000	-48.720	0.396
4610.000	10.000	-48.867	0.396
4620.000	10.000	-48.842	0.400
4630.000	10.000	-49.148	0.395
4640.000	10.000	-49.295	0.391
4650.000	10.000	-49.059	0.397
4660.000	10.000	-49.292	0.401
4670.000	10.000	-49.585	0.397
4680.000	10.000	-50.098	0.396
4690.000	10.000	-50.098	0.399
4700.000	10.000	-50.244	0.395
4710.000	10.000	-50.464	0.396
4720.000	10.000	-49.951	0.396
4730.000	10.000	-50.171	0.397
4740.000	10.000	-50.464	0.401
4750.000	10.000	-50.537	0.397
4760.000	10.000	-51.473	0.393
4770.000	10.000	-51.220	0.399
4780.000	10.000	-50.707	0.395
4790.000	10.000	-50.781	0.397
4800.000	10.000	-51.366	0.397
4810.000	10.000	-51.293	0.397
4820.000	10.000	-51.659	0.397
4830.000	10.000	-51.733	0.399
4840.000	10.000	-51.659	0.397
4850.000	10.000	-51.806	0.396
4860.000	10.000	-51.456	0.397
4870.000	10.000	-51.929	0.396
4880.000	10.000	-52.368	0.397
4890.000	10.000	-52.808	0.394
4900.000	10.000	-52.295	0.397
4910.000	10.000	-52.588	0.397
4920.000	10.000	-53.027	0.395
4930.000	10.000	-53.101	0.396
4940.000	10.000	-53.247	0.394
4950.000	10.000	-53.687	0.394
4960.000	10.000	-53.760	0.405
4970.000	10.000	-53.687	0.397
4980.000	10.000	-54.053	0.397
4990.000	10.000	-53.906	0.397
5000.000	10.000	-54.199	0.399
5010.000	10.000	-54.932	0.397
5020.000	10.000	-54.565	0.396
5030.000	10.000	-54.712	0.397
5040.000	10.000	-55.151	0.397
5050.000	10.000	-54.932	0.396
5060.000	10.000	-55.371	0.397
5070.000	10.000	-55.884	0.399
5080.000	10.000	-55.518	0.399
5090.000	10.000	-55.884	0.394
5100.000	10.000	-56.250	0.394
5110.000	10.000	-56.104	0.401
5120.000	10.000	-56.323	0.399
5130.000	10.000	-56.763	0.397
5140.000	10.000	-56.763	0.396
5150.000	10.000	-56.909	0.396
5160.000	10.000	-57.129	0.400
5170.000	10.000	-56.836	0.399
5180.000	10.000	-57.568	0.395
5190.000	10.000	-57.715	0.397
5200.000	10.000	-57.788	0.395
5210.000	10.000	-57.568	0.399
5220.000	10.000	-58.228	0.396
5230.000	10.000	-58.081	0.396
5240.000	10.000	-58.447	0.396
5250.000	10.000	-58.447	0.395
5260.000	10.000	-58.374	0.397
5270.000	10.000	-59.033	0.397
5280.000	10.000	-59.180	0.397
5290.000	10.000	-58.960	0.399
5300.000	10.000	-59.180	0.396
5310.000	10.000	-59.766	0.399
5320.000	10.000	-59.253	0.397
5330.000	10.000	-60.286	0.396
5340.000	10.000	-59.594	0.395
5350.000	10.000	-60.953	0.397
5360.000	10.000	-60.733	0.396
5370.000	10.000	-60.520	0.399
5380.000	10.000	-60.593	0.397
5390.000	10.000	-60.593	0.399
5400.000	10.000	-60.813	0.401
5410.000	10.000	-61.424	0.395
5420.000	10.000	-61.790	0.396
5430.000	10.000	-60.976	0.396
5440.000	10.000	-61.449	0.395
5450.000	10.000	-60.602	0.396
5460.000	10.000	-60.969	0.400
5470.000	10.000	-61.930	0.397
5480.000	10.000	-62.004	0.396
5490.000	10.000	-61.950	0.395
5500.000	10.000	-62.398	0.394
5510.000	10.000	-62.081	0.399
5520.000	10.000	-62.081	0.399
5530.000	10.000	-62.447	0.396
5540.000	10.000	-62.886	0.399
5550.000	10.000	-62.886	0.399
5560.000	10.000	-62.959	0.396
5570.000	10.000	-62.504	0.399
5580.000	10.000	-62.504	0.399
5590.000	10.000	-62.996	0.397
5600.000	10.000	-62.622	0.395
5610.000	10.000	-62.622	0.395
5620.000	10.000	-62.695	0.396
5630.000	10.000	-62.915	0.397
5640.000	10.000	-62.915	0.397
5650.000	10.000	-63.135	0.393
5660.000	10.000	-63.062	0.396
5670.000	10.000	-63.062	0.396
5680.000	10.000	-63.428	0.395
5690.000	10.000	-63.354	0.399
5700.000	10.000	-63.354	0.399
5710.000	10.000	-63.647	0.396
5720.000	10.000	-63.647	0.396
5730.000	10.000	-63.647	0.396
5740.000	10.000	-63.867	0.396
5750.000	10.000	-63.940	0.394
5760.000	10.000	-63.940	0.394
5770.000	10.000	-64.087	0.395
5780.000	10.000	-64.600	0.399
5790.000	10.000	-64.600	0.399
5800.000	10.000	-64.307	0.396
5810.000	10.000	-64.746	0.397
5820.000	10.000	-64.746	0.397
5830.000	10.000	-64.819	0.396
5840.000	10.000	-64.893	0.396
5850.000	10.000	-64.893	0.396
5860.000	10.000	-65.112	0.400
5870.000	10.000	-65.405	0.396
5880.000	10.000	-65.405	0.396
5890.000	10.000	-65.625	0.390
5900.000	10.000	-65.991	0.394
5910.000	10.000	-65.991	0.394
5920.000	10.000	-65.991	0.397
5930.000	10.000	-66.357	0.397
5940.000	10.000	-66.357	0.397
5950.000	10.000	-66.797	0.393
5960.000	10.000	-66.870	0.399
5970.000	10.000	-66.870	0.399
5980.000	10.000	-66.670	0.401
5990.000	10.000	-66.377	0.397
6000.000	10.000	-67.037	0.396
6010.000	10.000	-67.037	0.394
6020.000	10.000	-67.256	0.399
6030.000	10.000	-67.549	0.396
6040.000	10.000	-67.330	0.336
6050.000	10.000	-67.769	0.249
6060.000	10.000	-67.915	0.185
6070.000	10.000	-68.062	0.134
6080.000	10.000	-68.408	0.100
6090.000	10.000	-69.214	0.078
6100.000	10.000	-68.701	0.052
6110.000	10.000	-68.921	0.042
6120.000	10.000	-69.141	0.031
6130.000	10.000	-68.994	0.021
6140.000	10.000	-68.774	0.024
6150.000	10.000	-68.848	0.014
6160.000	10.000	-68.628	0.003
6170.000	10.000	-68.701	0.009
6180.000	10.000	-68.921	0.007
6190.000	10.000	-68.335	0.009
6200.000	10.000	-68.848	0.006
6210.000	10.000	-68.921	0.012
6220.000	10.000	-68.701	0.004
6230.000	10.000	-68.555	0.007
6240.000	10.000	-69.214	0.006
6250.000	10.000	-68.481	0.007
6260.000	10.000	-68.701	0.003
6270.000	10.000	-68.774	0.004
6280.000	10.000	-68.481	0.006
6290.000	10.000	-68.408	0.004
6300.000	10.000	-68.408	0.006
6310.000	10.000	-68.115	0.008
6320.000	10.000	-68.115	0.003
6330.000	10.000	-68.481	0.006
6340.000	10.000	-67.896	0.003
6350.000	10.000	-68.335	0.007
6360.000	10.000	-68.115	0.006
6370.000	10.000	-67.896	0.003
6380.000	10.000	-67.822	0.002
6390.000	10.000	-68.115	0.006
6400.000	10.000	-67.676	0.007
6410.000	10.000	-67.676	0.007
6420.000	10.000	-67.896	0.007
6430.000	10.000	-67.310	0.004
6440.000	10.000	-67.456	0.002
6450.000	10.000	-67.236	0.004
6460.000	10.000	-67.017	0.004
6470.000	10.000	-66.943	0.003
6480.000	10.000	-67.163	0.002
6490.000	10.000	-66.943	0.008
6500.000	10.000	-66.724	0.007
6510.000	10.000	-66.870	0.009
6520.000	10.000	-66.211	0.006
6530.000	10.000	-66.284	0.007
6540.000	10.000	-66.504	0.003
6550.000	10.000	-66.284	0.003
6560.000	10.000	-66.284	0.007
6570.000	10.000	-66.211	0.004
6580.000	10.000	-65.918	0.003
6590.000	10.000	-65.845	0.002
6600.000	10.000	-65.991	0.004
6610.000	10.000	-65.625	0.007
6620.000	10.000	-66.414	0.006
6630.000	10.000	-65.955	0.004
6640.000	10.000	-65.516	0.010
6650.000	10.000	-65.516	0.009
6660.000	10.000	-65.735	0.009
6670.000	10.000	-65.369	0.007
6680.000	10.000	-65.442	0.003
6690.000	10.000	-65.589	0.003
6700.000	10.000	-65.149	0.004
6710.000	10.000	-65.711	0.003
6720.000	10.000	-64.742	0.002
6730.000	10.000	-64.981	0.007
6740.000	10.000	-65.787	0.006
6750.000	10.000	-65.201	0.006
6760.000	10.000	-64.908	0.003
6770.000	10.000	-65.925	0.006
6780.000	10.000	-65.260	0.003
6790.000	10.000	-64.820	0.008
6800.000	10.000	-65.902	0.007
6810.000	10.000	-64.748	-0.004
6820.000	10.000	-65.880	0.004
6830.000	10.000	-65.734	0.004
6840.000	10.000	-64.535	0.009
6850.000	10.000	-65.194	0.004
6860.000	10.000	-65.194	0.008
6870.000	10.000	-64.397	0.004
6880.000	10.000	-65.470	0.006
6890.000	10.000	-65.616	-0.002
6900.000	10.000	-64.714	0.002
6910.000	10.000	-64.940	0.003
6920.000	10.000	-64.208	0.001
6930.000	10.000	-64.427	0.001
6940.000	10.000	-65.463	0.004
6950.000	10.000	-65.243	0.012
6960.000	10.000	-65.243	0.012
6970.000	10.000	-65.390	0.002
6980.000	10.000	-64.910	0.004
6990.000	10.000	-64.910	0.004
7000.000	10.000	-65.023	0.002
7010.000	10.000	-65.243	0.003
7020.000	10.000	-65.243	0.003
