%Time [ms]	Commanded Torque [mNm]	Angular Velocity [RPM]	Actual Current [Amp]	%2/10/20269:05 AM
0.000	0.000	0.000	0.000
10.000	5.000	0.000	0.006
20.000	5.000	0.000	0.006
30.000	5.000	0.000	0.006
40.000	5.000	0.000	0.004
50.000	5.000	0.000	0.008
60.000	5.000	0.000	0.007
70.000	5.000	0.000	0.004
80.000	5.000	0.000	0.007
90.000	5.000	0.000	0.004
100.000	5.000	0.000	0.006
110.000	5.000	0.000	0.002
120.000	5.000	0.000	0.003
130.000	5.000	0.000	0.002
140.000	5.000	0.000	0.001
150.000	5.000	0.000	-0.000
160.000	5.000	0.000	0.001
170.000	5.000	0.000	-0.000
180.000	5.000	0.000	-0.000
190.000	5.000	0.000	-0.000
200.000	5.000	0.000	0.001
210.000	5.000	0.000	0.003
220.000	5.000	0.000	0.003
230.000	5.000	0.000	0.003
240.000	5.000	0.000	0.006
250.000	5.000	0.000	0.006
260.000	5.000	0.000	0.006
270.000	5.000	0.000	0.004
280.000	5.000	0.000	0.004
290.000	5.000	0.000	0.006
300.000	5.000	0.000	0.006
310.000	5.000	0.000	0.006
320.000	5.000	0.000	0.007
330.000	5.000	0.000	0.004
340.000	5.000	0.000	0.004
350.000	5.000	0.000	0.004
360.000	5.000	0.000	0.004
370.000	5.000	0.000	0.006
380.000	5.000	0.000	0.004
390.000	5.000	0.000	0.003
400.000	5.000	0.000	0.006
410.000	5.000	0.000	0.006
420.000	5.000	0.000	0.004
430.000	5.000	0.000	0.004
440.000	5.000	0.000	0.007
450.000	5.000	0.000	0.006
460.000	5.000	0.000	0.006
470.000	5.000	0.000	0.004
480.000	5.000	0.000	0.007
490.000	5.000	0.000	0.004
500.000	5.000	0.000	0.004
510.000	5.000	0.000	0.003
520.000	5.000	0.000	0.004
530.000	5.000	0.000	0.004
540.000	5.000	0.000	0.006
550.000	5.000	0.000	0.007
560.000	5.000	0.000	0.003
570.000	5.000	0.000	0.004
580.000	5.000	0.000	0.004
590.000	5.000	0.000	0.003
600.000	5.000	0.000	0.001
610.000	5.000	0.000	0.003
620.000	5.000	0.000	0.002
630.000	5.000	0.000	-0.000
640.000	5.000	0.000	-0.000
650.000	5.000	0.000	-0.000
660.000	5.000	0.000	0.002
670.000	5.000	0.000	-0.000
680.000	5.000	0.000	-0.000
690.000	5.000	0.000	-0.002
700.000	5.000	0.000	0.001
710.000	5.000	0.000	0.001
720.000	5.000	0.000	0.001
730.000	5.000	0.000	0.002
740.000	5.000	0.000	0.001
750.000	5.000	0.000	-0.000
760.000	5.000	0.000	-0.000
770.000	5.000	0.000	-0.000
780.000	5.000	0.000	-0.000
790.000	5.000	0.000	0.001
800.000	5.000	0.000	-0.002
810.000	5.000	0.000	0.001
820.000	5.000	0.000	-0.000
830.000	5.000	0.000	0.002
840.000	5.000	0.000	0.003
850.000	5.000	0.000	0.003
860.000	5.000	0.000	0.003
870.000	5.000	0.000	0.004
880.000	5.000	0.000	0.006
890.000	5.000	0.000	0.006
900.000	5.000	0.000	0.006
910.000	5.000	0.000	0.004
920.000	5.000	0.000	0.006
930.000	5.000	0.000	0.004
940.000	5.000	0.073	0.006
950.000	5.000	0.073	0.006
960.000	5.000	0.073	0.003
970.000	5.000	0.073	0.003
980.000	5.000	0.073	0.004
990.000	5.000	0.073	0.004
1000.000	5.000	0.073	0.004
1010.000	5.000	0.073	0.004
1020.000	5.000	0.073	0.004
1030.000	5.000	0.073	0.003
1040.000	5.000	0.000	0.025
1050.000	5.000	0.000	0.025
1060.000	5.000	-0.073	0.074
1070.000	5.000	-0.073	0.131
1080.000	5.000	-0.073	0.131
1090.000	5.000	-0.146	0.155
1100.000	5.000	-0.146	0.163
1110.000	5.000	-0.213	0.173
1120.000	5.000	-0.213	0.181
1130.000	5.000	-0.286	0.185
1140.000	5.000	-0.353	0.186
1150.000	5.000	-0.434	0.191
1160.000	5.000	-0.434	0.189
1170.000	5.000	-0.501	0.192
1180.000	5.000	-0.582	0.194
1190.000	5.000	-0.582	0.192
1200.000	5.000	-0.649	0.195
1210.000	5.000	-0.664	0.196
1220.000	5.000	-0.737	0.195
1230.000	5.000	-0.797	0.195
1240.000	5.000	-0.812	0.195
1250.000	5.000	-0.877	0.196
1260.000	5.000	-0.877	0.196
1270.000	5.000	-1.030	0.195
1280.000	5.000	-1.095	0.196
1290.000	5.000	-1.221	0.195
1300.000	5.000	-1.399	0.195
1310.000	5.000	-1.464	0.196
1320.000	5.000	-1.537	0.195
1330.000	5.000	-1.551	0.197
1340.000	5.000	-1.689	0.198
1350.000	5.000	-1.676	0.196
1360.000	5.000	-1.765	0.200
1370.000	5.000	-1.692	0.200
1380.000	5.000	-1.765	0.201
1390.000	5.000	-1.785	0.201
1400.000	5.000	-1.761	0.200
1410.000	5.000	-1.947	0.202
1420.000	5.000	-2.126	0.200
1430.000	5.000	-2.126	0.201
1440.000	5.000	-2.106	0.201
1450.000	5.000	-2.217	0.201
1460.000	5.000	-2.201	0.201
1470.000	5.000	-2.201	0.201
1480.000	5.000	-2.201	0.200
1490.000	5.000	-2.128	0.203
1500.000	5.000	-2.174	0.200
1510.000	5.000	-2.086	0.200
1520.000	5.000	-2.126	0.202
1530.000	5.000	-2.273	0.200
1540.000	5.000	-2.366	0.200
1550.000	5.000	-2.342	0.200
1560.000	5.000	-2.461	0.201
1570.000	5.000	-2.559	0.201
1580.000	5.000	-2.706	0.198
1590.000	5.000	-2.925	0.200
1600.000	5.000	-3.098	0.201
1610.000	5.000	-3.147	0.200
1620.000	5.000	-2.981	0.200
1630.000	5.000	-3.013	0.200
1640.000	5.000	-2.940	0.201
1650.000	5.000	-2.940	0.196
1660.000	5.000	-2.967	0.200
1670.000	5.000	-3.089	0.198
1680.000	5.000	-3.122	0.197
1690.000	5.000	-3.163	0.197
1700.000	5.000	-3.089	0.200
1710.000	5.000	-3.089	0.196
1720.000	5.000	-3.256	0.195
1730.000	5.000	-3.443	0.195
1740.000	5.000	-3.756	0.195
1750.000	5.000	-3.943	0.194
1760.000	5.000	-3.943	0.196
1770.000	5.000	-3.870	0.195
1780.000	5.000	-3.837	0.196
1790.000	5.000	-3.943	0.197
1800.000	5.000	-4.109	0.196
1810.000	5.000	-4.304	0.198
1820.000	5.000	-4.304	0.196
1830.000	5.000	-4.231	0.198
1840.000	5.000	-4.358	0.197
1850.000	5.000	-4.463	0.201
1860.000	5.000	-4.503	0.198
1870.000	5.000	-4.536	0.201
1880.000	5.000	-4.536	0.198
1890.000	5.000	-4.463	0.200
1900.000	5.000	-4.516	0.200
1910.000	5.000	-4.467	0.198
1920.000	5.000	-4.540	0.200
1930.000	5.000	-4.614	0.201
1940.000	5.000	-4.687	0.200
1950.000	5.000	-4.760	0.198
1960.000	5.000	-4.793	0.200
1970.000	5.000	-4.907	0.200
1980.000	5.000	-5.007	0.200
1990.000	5.000	-5.300	0.200
2000.000	5.000	-5.300	0.198
2010.000	5.000	-5.373	0.201
2020.000	5.000	-5.520	0.200
2030.000	5.000	-5.740	0.201
2040.000	5.000	-5.540	0.201
2050.000	5.000	-5.361	0.200
2060.000	5.000	-5.434	0.200
2070.000	5.000	-5.654	0.201
2080.000	5.000	-5.774	0.198
2090.000	5.000	-5.554	0.198
2100.000	5.000	-5.567	0.196
2110.000	5.000	-5.950	0.200
2120.000	5.000	-5.950	0.198
2130.000	5.000	-5.657	0.197
2140.000	5.000	-5.637	0.196
2150.000	5.000	-6.035	0.196
2160.000	5.000	-6.195	0.194
2170.000	5.000	-6.187	0.194
2180.000	5.000	-6.480	0.195
2190.000	5.000	-6.627	0.194
2200.000	5.000	-6.540	0.194
2210.000	5.000	-6.084	0.197
2220.000	5.000	-6.231	0.198
2230.000	5.000	-6.524	0.197
2240.000	5.000	-6.597	0.198
2250.000	5.000	-6.670	0.197
2260.000	5.000	-6.877	0.200
2270.000	5.000	-6.738	0.201
2280.000	5.000	-6.459	0.201
2290.000	5.000	-6.695	0.200
2300.000	5.000	-6.914	0.198
2310.000	5.000	-7.207	0.202
2320.000	5.000	-7.427	0.200
2330.000	5.000	-7.281	0.201
2340.000	5.000	-7.161	0.200
2350.000	5.000	-7.096	0.201
2360.000	5.000	-7.096	0.200
2370.000	5.000	-7.182	0.203
2380.000	5.000	-7.559	0.200
2390.000	5.000	-7.543	0.200
2400.000	5.000	-7.343	0.200
2410.000	5.000	-7.343	0.202
2420.000	5.000	-7.343	0.201
2430.000	5.000	-7.423	0.202
2440.000	5.000	-8.015	0.201
2450.000	5.000	-8.007	0.201
2460.000	5.000	-7.734	0.200
2470.000	5.000	-7.867	0.197
2480.000	5.000	-7.843	0.198
2490.000	5.000	-7.696	0.198
2500.000	5.000	-8.189	0.198
2510.000	5.000	-8.262	0.198
2520.000	5.000	-7.969	0.195
2530.000	5.000	-8.182	0.196
2540.000	5.000	-8.003	0.195
2550.000	5.000	-7.997	0.194
2560.000	5.000	-8.685	0.196
2570.000	5.000	-8.612	0.196
2580.000	5.000	-8.259	0.195
2590.000	5.000	-8.666	0.200
2600.000	5.000	-8.373	0.197
2610.000	5.000	-8.566	0.197
2620.000	5.000	-8.883	0.200
2630.000	5.000	-8.663	0.200
2640.000	5.000	-8.783	0.201
2650.000	5.000	-8.879	0.202
2660.000	5.000	-8.684	0.200
2670.000	5.000	-8.890	0.201
2680.000	5.000	-9.024	0.201
2690.000	5.000	-8.836	0.201
2700.000	5.000	-8.970	0.202
2710.000	5.000	-8.947	0.200
2720.000	5.000	-9.143	0.200
2730.000	5.000	-9.143	0.201
2740.000	5.000	-9.169	0.200
2750.000	5.000	-9.226	0.200
2760.000	5.000	-9.133	0.201
2770.000	5.000	-9.488	0.200
2780.000	5.000	-9.488	0.201
2790.000	5.000	-9.468	0.200
2800.000	5.000	-9.661	0.202
2810.000	5.000	-9.709	0.201
2820.000	5.000	-9.536	0.197
2830.000	5.000	-9.772	0.198
2840.000	5.000	-9.919	0.198
2850.000	5.000	-9.832	0.200
2860.000	5.000	-10.283	0.197
2870.000	5.000	-9.868	0.198
2880.000	5.000	-9.935	0.197
2890.000	5.000	-10.142	0.195
2900.000	5.000	-10.110	0.195
2910.000	5.000	-10.216	0.196
2920.000	5.000	-10.113	0.194
2930.000	5.000	-10.316	0.196
2940.000	5.000	-10.170	0.194
2950.000	5.000	-10.549	0.197
2960.000	5.000	-10.045	0.198
2970.000	5.000	-10.038	0.198
2980.000	5.000	-10.460	0.200
2990.000	5.000	-10.346	0.201
3000.000	5.000	-10.519	0.200
3010.000	5.000	-10.282	0.202
3020.000	5.000	-10.632	0.201
3030.000	5.000	-10.465	0.201
3040.000	5.000	-10.986	0.201
3050.000	5.000	-10.547	0.200
3060.000	5.000	-10.667	0.201
3070.000	5.000	-11.007	0.198
3080.000	5.000	-11.031	0.200
3090.000	5.000	-11.105	0.198
3100.000	5.000	-10.858	0.201
3110.000	5.000	-11.135	0.201
3120.000	5.000	-11.135	0.201
3130.000	5.000	-11.375	0.200
3140.000	5.000	-11.147	0.200
3150.000	5.000	-11.147	0.200
3160.000	5.000	-11.247	0.197
3170.000	5.000	-11.060	0.198
3180.000	5.000	-11.060	0.198
3190.000	5.000	-11.279	0.197
3200.000	5.000	-11.426	0.197
3210.000	5.000	-11.446	0.197
3220.000	5.000	-11.250	0.196
3230.000	5.000	-11.324	0.197
3240.000	5.000	-11.543	0.195
3250.000	5.000	-11.690	0.195
3260.000	5.000	-11.470	0.195
3270.000	5.000	-11.483	0.197
3280.000	5.000	-11.825	0.196
3290.000	5.000	-11.972	0.197
3300.000	5.000	-11.825	0.200
3310.000	5.000	-11.805	0.201
3320.000	5.000	-12.001	0.200
3330.000	5.000	-12.087	0.200
3340.000	5.000	-12.128	0.200
3350.000	5.000	-12.055	0.202
3360.000	5.000	-12.641	0.200
3370.000	5.000	-12.408	0.200
3380.000	5.000	-12.359	0.201
3390.000	5.000	-12.026	0.201
3400.000	5.000	-12.701	0.201
3410.000	5.000	-12.482	0.201
3420.000	5.000	-12.641	0.200
3430.000	5.000	-12.693	0.200
3440.000	5.000	-12.945	0.200
3450.000	5.000	-12.559	0.201
3460.000	5.000	-12.641	0.197
3470.000	5.000	-12.934	0.197
3480.000	5.000	-12.827	0.198
3490.000	5.000	-13.160	0.198
3500.000	5.000	-12.777	0.197
3510.000	5.000	-13.217	0.197
3520.000	5.000	-12.943	0.197
3530.000	5.000	-12.951	0.196
3540.000	5.000	-12.758	0.196
3550.000	5.000	-13.372	0.196
3560.000	5.000	-12.998	0.196
3570.000	5.000	-12.871	0.197
3580.000	5.000	-13.596	0.197
3590.000	5.000	-13.157	0.197
3600.000	5.000	-13.244	0.197
3610.000	5.000	-13.162	0.200
3620.000	5.000	-13.569	0.201
3630.000	5.000	-13.376	0.202
3640.000	5.000	-13.642	0.200
3650.000	5.000	-13.707	0.201
3660.000	5.000	-13.534	0.201
3670.000	5.000	-13.815	0.200
3680.000	5.000	-13.563	0.201
3690.000	5.000	-13.736	0.202
3700.000	5.000	-13.951	0.202
3710.000	5.000	-13.886	0.202
3720.000	5.000	-13.952	0.201
3730.000	5.000	-13.974	0.201
3740.000	5.000	-13.974	0.198
3750.000	5.000	-13.895	0.201
3760.000	5.000	-14.117	0.201
3770.000	5.000	-14.108	0.196
3780.000	5.000	-14.102	0.201
3790.000	5.000	-14.205	0.196
3800.000	5.000	-14.051	0.197
3810.000	5.000	-14.124	0.196
3820.000	5.000	-14.204	0.198
3830.000	5.000	-14.301	0.196
3840.000	5.000	-14.301	0.196
3850.000	5.000	-14.381	0.195
3860.000	5.000	-14.333	0.196
3870.000	5.000	-14.259	0.197
3880.000	5.000	-14.600	0.197
3890.000	5.000	-14.469	0.197
3900.000	5.000	-14.543	0.198
3910.000	5.000	-15.023	0.200
3920.000	5.000	-14.583	0.200
3930.000	5.000	-14.730	0.201
3940.000	5.000	-14.974	0.201
3950.000	5.000	-14.681	0.200
3960.000	5.000	-15.041	0.200
3970.000	5.000	-15.203	0.200
3980.000	5.000	-14.796	0.200
3990.000	5.000	-15.023	0.201
4000.000	5.000	-15.104	0.200
4010.000	5.000	-14.844	0.198
4020.000	5.000	-15.070	0.202
4030.000	5.000	-15.233	0.201
4040.000	5.000	-15.135	0.198
4050.000	5.000	-15.149	0.200
4060.000	5.000	-15.245	0.197
4070.000	5.000	-15.302	0.198
4080.000	5.000	-15.235	0.197
4090.000	5.000	-15.464	0.197
4100.000	5.000	-15.603	0.197
4110.000	5.000	-15.390	0.198
4120.000	5.000	-15.538	0.196
4130.000	5.000	-15.668	0.196
4140.000	5.000	-15.388	0.195
4150.000	5.000	-15.766	0.198
4160.000	5.000	-15.896	0.197
4170.000	5.000	-15.543	0.197
4180.000	5.000	-15.772	0.198
4190.000	5.000	-15.902	0.198
4200.000	5.000	-15.616	0.200
4210.000	5.000	-15.927	0.201
4220.000	5.000	-16.065	0.200
4230.000	5.000	-15.839	0.202
4240.000	5.000	-16.135	0.198
4250.000	5.000	-16.110	0.202
4260.000	5.000	-15.884	0.202
4270.000	5.000	-16.343	0.200
4280.000	5.000	-16.253	0.201
4290.000	5.000	-16.093	0.201
4300.000	5.000	-16.567	0.200
4310.000	5.000	-16.323	0.200
4320.000	5.000	-16.236	0.201
4330.000	5.000	-16.821	0.197
4340.000	5.000	-16.511	0.197
4350.000	5.000	-16.928	0.197
4360.000	5.000	-16.928	0.197
4370.000	5.000	-16.895	0.197
4380.000	5.000	-16.895	0.197
4390.000	5.000	-17.055	0.197
4400.000	5.000	-17.088	0.196
4410.000	5.000	-17.101	0.197
4420.000	5.000	-16.816	0.198
4430.000	5.000	-17.475	0.198
4440.000	5.000	-17.475	0.198
4450.000	5.000	-17.269	0.197
4460.000	5.000	-17.358	0.200
4470.000	5.000	-17.358	0.200
4480.000	5.000	-17.358	0.201
4490.000	5.000	-17.358	0.201
4500.000	5.000	-17.358	0.201
4510.000	5.000	-17.505	0.201
4520.000	5.000	-17.578	0.201
4530.000	5.000	-17.578	0.201
4540.000	5.000	-17.432	0.198
4550.000	5.000	-17.944	0.200
4560.000	5.000	-17.851	0.198
4570.000	5.000	-17.981	0.200
4580.000	5.000	-17.835	0.200
4590.000	5.000	-17.875	0.200
4600.000	5.000	-18.387	0.197
4610.000	5.000	-18.241	0.197
4620.000	5.000	-18.134	0.197
4630.000	5.000	-18.208	0.197
4640.000	5.000	-18.574	0.196
4650.000	5.000	-18.534	0.196
4660.000	5.000	-18.823	0.195
4670.000	5.000	-18.692	0.198
4680.000	5.000	-18.746	0.197
4690.000	5.000	-19.064	0.198
4700.000	5.000	-18.917	0.195
4710.000	5.000	-18.897	0.201
4720.000	5.000	-19.297	0.200
4730.000	5.000	-19.297	0.200
4740.000	5.000	-19.030	0.201
4750.000	5.000	-19.363	0.200
4760.000	5.000	-19.534	0.200
4770.000	5.000	-19.534	0.200
4780.000	5.000	-19.701	0.200
4790.000	5.000	-19.636	0.201
4800.000	5.000	-19.249	0.201
4810.000	5.000	-19.782	0.198
4820.000	5.000	-20.002	0.200
4830.000	5.000	-20.002	0.200
4840.000	5.000	-20.268	0.198
4850.000	5.000	-19.755	0.196
4860.000	5.000	-19.782	0.198
4870.000	5.000	-19.774	0.197
4880.000	5.000	-20.067	0.200
4890.000	5.000	-20.213	0.197
4900.000	5.000	-20.526	0.197
4910.000	5.000	-20.526	0.195
4920.000	5.000	-20.400	0.200
4930.000	5.000	-20.782	0.198
4940.000	5.000	-20.270	0.198
4950.000	5.000	-20.709	0.198
4960.000	5.000	-20.829	0.201
4970.000	5.000	-20.837	0.200
4980.000	5.000	-20.777	0.201
4990.000	5.000	-20.777	0.201
5000.000	5.000	-21.070	0.201
5010.000	5.000	-20.924	0.201
5020.000	5.000	-21.197	0.200
5030.000	5.000	-20.741	0.200
5040.000	5.000	-21.187	0.200
5050.000	5.000	-21.480	0.200
5060.000	5.000	-21.407	0.200
5070.000	5.000	-21.407	0.200
5080.000	5.000	-21.467	0.201
5090.000	5.000	-21.540	0.198
5100.000	5.000	-21.540	0.198
5110.000	5.000	-21.686	0.198
5120.000	5.000	-21.979	0.200
5130.000	5.000	-21.979	0.200
5140.000	5.000	-21.973	0.196
5150.000	5.000	-21.899	0.196
5160.000	5.000	-21.899	0.196
5170.000	5.000	-22.266	0.198
5180.000	5.000	-22.485	0.197
5190.000	5.000	-22.485	0.197
5200.000	5.000	-22.192	0.200
5210.000	5.000	-22.485	0.198
5220.000	5.000	-22.485	0.198
5230.000	5.000	-22.632	0.200
5240.000	5.000	-22.559	0.198
5250.000	5.000	-22.559	0.198
5260.000	5.000	-22.705	0.198
5270.000	5.000	-22.852	0.198
5280.000	5.000	-22.852	0.198
5290.000	5.000	-22.705	0.198
5300.000	5.000	-23.218	0.200
5310.000	5.000	-23.218	0.200
5320.000	5.000	-23.145	0.198
5330.000	5.000	-23.291	0.198
5340.000	5.000	-23.511	0.196
5350.000	5.000	-23.511	0.196
5360.000	5.000	-23.364	0.198
5370.000	5.000	-23.364	0.198
5380.000	5.000	-23.657	0.195
5390.000	5.000	-23.657	0.197
5400.000	5.000	-23.657	0.197
5410.000	5.000	-23.730	0.196
5420.000	5.000	-24.390	0.200
5430.000	5.000	-24.390	0.200
5440.000	5.000	-24.097	0.201
5450.000	5.000	-24.097	0.200
5460.000	5.000	-24.310	0.202
5470.000	5.000	-24.513	0.200
5480.000	5.000	-24.440	0.201
5490.000	5.000	-24.293	0.201
5500.000	5.000	-24.806	0.202
5510.000	5.000	-24.660	0.201
5520.000	5.000	-24.586	0.198
5530.000	5.000	-24.367	0.200
5540.000	5.000	-24.879	0.201
5550.000	5.000	-24.440	0.197
5560.000	5.000	-25.024	0.197
5570.000	5.000	-24.748	0.197
5580.000	5.000	-25.334	0.197
5590.000	5.000	-24.967	0.198
5600.000	5.000	-25.260	0.197
5610.000	5.000	-25.101	0.196
5620.000	5.000	-25.605	0.198
5630.000	5.000	-25.459	0.197
5640.000	5.000	-25.359	0.196
5650.000	5.000	-26.010	0.198
5660.000	5.000	-25.579	0.197
5670.000	5.000	-25.552	0.201
5680.000	5.000	-25.544	0.201
5690.000	5.000	-26.203	0.201
5700.000	5.000	-25.617	0.198
5710.000	5.000	-26.298	0.201
5720.000	5.000	-25.940	0.202
5730.000	5.000	-25.993	0.201
5740.000	5.000	-26.215	0.200
5750.000	5.000	-26.003	0.200
5760.000	5.000	-26.250	0.200
5770.000	5.000	-26.390	0.198
5780.000	5.000	-26.472	0.196
5790.000	5.000	-26.179	0.197
5800.000	5.000	-26.691	0.197
5810.000	5.000	-26.097	0.196
5820.000	5.000	-26.317	0.198
5830.000	5.000	-26.703	0.198
5840.000	5.000	-26.435	0.195
5850.000	5.000	-26.661	0.197
5860.000	5.000	-26.683	0.197
5870.000	5.000	-26.935	0.198
5880.000	5.000	-26.423	0.200
5890.000	5.000	-26.569	0.200
5900.000	5.000	-26.642	0.201
5910.000	5.000	-26.622	0.200
5920.000	5.000	-27.168	0.203
5930.000	5.000	-27.021	0.200
5940.000	5.000	-27.314	0.201
5950.000	5.000	-26.966	0.197
5960.000	5.000	-27.259	0.198
5970.000	5.000	-27.259	0.198
5980.000	5.000	-27.332	0.198
5990.000	5.000	-27.552	0.196
6000.000	5.000	-27.299	0.196
6010.000	5.000	-27.831	0.197
6020.000	5.000	-27.286	0.196
6030.000	5.000	-27.433	0.198
6040.000	5.000	-27.725	0.197
6050.000	5.000	-27.652	0.166
6060.000	5.000	-27.799	0.120
6070.000	5.000	-27.359	0.091
6080.000	5.000	-27.579	0.067
6090.000	5.000	-27.512	0.051
6100.000	5.000	-27.912	0.039
6110.000	5.000	-27.765	0.028
6120.000	5.000	-27.546	0.020
6130.000	5.000	-27.472	0.017
6140.000	5.000	-27.472	0.010
6150.000	5.000	-27.379	0.010
6160.000	5.000	-27.689	0.009
6170.000	5.000	-27.615	0.008
6180.000	5.000	-27.615	0.006
6190.000	5.000	-27.389	0.003
6200.000	5.000	-27.169	0.004
6210.000	5.000	-27.249	0.004
6220.000	5.000	-27.444	0.007
6230.000	5.000	-27.518	0.006
6240.000	5.000	-27.078	0.003
6250.000	5.000	-27.318	0.003
6260.000	5.000	-26.862	0.001
6270.000	5.000	-26.862	-0.002
6280.000	5.000	-27.155	-0.000
6290.000	5.000	-26.935	-0.002
6300.000	5.000	-26.822	0.001
6310.000	5.000	-26.807	0.001
6320.000	5.000	-26.759	-0.000
6330.000	5.000	-26.372	0.001
6340.000	5.000	-26.739	-0.000
6350.000	5.000	-27.032	0.003
6360.000	5.000	-26.659	0.003
6370.000	5.000	-26.952	0.003
6380.000	5.000	-26.439	0.006
6390.000	5.000	-26.486	0.003
6400.000	5.000	-26.574	0.006
6410.000	5.000	-26.216	0.004
6420.000	5.000	-26.176	0.006
6430.000	5.000	-26.383	0.004
6440.000	5.000	-26.237	0.004
6450.000	5.000	-25.798	0.006
6460.000	5.000	-26.244	0.004
6470.000	5.000	-25.658	0.004
6480.000	5.000	-25.631	0.003
6490.000	5.000	-25.772	0.001
6500.000	5.000	-25.723	0.003
6510.000	5.000	-25.650	0.003
6520.000	5.000	-25.543	0.003
6530.000	5.000	-25.502	-0.000
6540.000	5.000	-24.983	-0.000
6550.000	5.000	-25.422	-0.002
6560.000	5.000	-25.056	0.001
6570.000	5.000	-25.376	0.001
6580.000	5.000	-25.272	-0.002
6590.000	5.000	-25.378	-0.000
6600.000	5.000	-24.939	0.002
6610.000	5.000	-25.289	0.003
6620.000	5.000	-25.069	-0.000
6630.000	5.000	-24.902	0.006
6640.000	5.000	-25.161	0.006
6650.000	5.000	-24.722	0.003
6660.000	5.000	-24.575	0.006
6670.000	5.000	-24.598	0.007
6680.000	5.000	-24.655	0.006
6690.000	5.000	-24.142	0.007
6700.000	5.000	-24.549	0.006
6710.000	5.000	-24.199	0.006
6720.000	5.000	-24.192	0.006
6730.000	5.000	-24.399	0.004
6740.000	5.000	-24.220	0.002
6750.000	5.000	-23.927	0.001
6760.000	5.000	-24.497	0.002
6770.000	5.000	-24.009	0.002
6780.000	5.000	-23.855	-0.002
6790.000	5.000	-24.181	0.003
6800.000	5.000	-24.067	0.001
6810.000	5.000	-23.781	0.003
6820.000	5.000	-24.121	0.002
6830.000	5.000	-23.787	0.002
6840.000	5.000	-23.774	0.003
6850.000	5.000	-24.018	0.002
6860.000	5.000	-23.595	0.002
6870.000	5.000	-23.528	-0.002
6880.000	5.000	-23.950	0.003
6890.000	5.000	-23.625	0.001
6900.000	5.000	-23.398	0.003
6910.000	5.000	-23.709	-0.002
6920.000	5.000	-23.595	-0.002
6930.000	5.000	-23.389	0.001
6940.000	5.000	-23.662	-0.002
6950.000	5.000	-23.492	0.003
6960.000	5.000	-23.565	0.003
6970.000	5.000	-23.631	0.002
6980.000	5.000	-23.216	0.002
6990.000	5.000	-23.150	0.003
7000.000	5.000	-23.571	0.002
7010.000	5.000	-23.327	0.001
